"((52,72,72),([0,2,4,5,7],[0,2,5,9,11],[0,4,5,8,11]),([1,3,2,1,3,0],[1,2,3,1,2,1],[2,0,2,3,2,1]),(8,[1,3,6,10]),((191,[0,2,4,5,7,8,9,11]),[4,5,6,5,6,2]),([0,2,4,5,7,9,11],[0,2,4,5,8,9,11],[0,2,4,5,7,8,11]))"
"((52,72,72),([0,2,4,5,7],[0,4,5,8,11],[0,2,5,9,11]),([1,3,2,1,3,0],[2,0,2,3,2,1],[1,2,3,1,2,1]),(8,[1,3,6,10]),((191,[0,2,4,5,7,8,9,11]),[4,5,6,5,6,2]),([0,2,4,5,7,8,11],[0,2,4,5,8,9,11],[0,2,4,5,7,9,11]))"
"((52,53,72),([0,2,4,5,7],[0,2,4,9,11],[0,4,5,8,11]),([1,3,2,1,3,0],[1,3,2,1,3,0],[2,0,2,3,2,1]),(8,[1,3,6,10]),((191,[0,2,4,5,7,8,9,11]),[4,5,6,5,6,2]),([0,2,4,5,7,9,11],[0,2,4,5,8,9,11],[0,2,4,5,7,8,11]))"
"((52,68,72),([0,2,4,5,7],[2,4,5,9,11],[0,4,5,8,11]),([1,3,2,1,3,0],[1,2,2,1,3,1],[2,0,2,3,2,1]),(8,[1,3,6,10]),((191,[0,2,4,5,7,8,9,11]),[4,5,6,5,6,2]),([0,2,4,5,7,9,11],[0,2,4,5,8,9,11],[0,2,4,5,7,8,11]))"
"((68,68,72),([0,2,5,7,11],[2,4,5,9,11],[0,4,5,8,11]),([1,2,2,1,3,1],[1,2,2,1,3,1],[2,0,2,3,2,1]),(8,[1,3,6,10]),((191,[0,2,4,5,7,8,9,11]),[4,5,6,5,6,2]),([0,2,4,5,7,9,11],[0,2,4,5,8,9,11],[0,2,4,5,7,8,11]))"
"((47,68,72),([0,2,4,5,9],[0,2,5,7,11],[0,4,5,8,11]),([1,2,2,2,3,0],[1,2,2,1,3,1],[2,0,2,3,2,1]),(8,[1,3,6,10]),((191,[0,2,4,5,7,8,9,11]),[4,5,6,5,6,2]),([0,2,4,5,7,9,11],[0,2,4,5,7,8,11],[0,2,4,5,8,9,11]))"
"((53,68,72),([0,2,4,9,11],[0,2,5,7,11],[0,4,5,8,11]),([1,3,2,1,3,0],[1,2,2,1,3,1],[2,0,2,3,2,1]),(8,[1,3,6,10]),((191,[0,2,4,5,7,8,9,11]),[4,5,6,5,6,2]),([0,2,4,5,7,9,11],[0,2,4,5,7,8,11],[0,2,4,5,8,9,11]))"
"((68,68,72),([2,4,5,9,11],[0,2,5,7,11],[0,4,5,8,11]),([1,2,2,1,3,1],[1,2,2,1,3,1],[2,0,2,3,2,1]),(8,[1,3,6,10]),((191,[0,2,4,5,7,8,9,11]),[4,5,6,5,6,2]),([0,2,4,5,7,9,11],[0,2,4,5,7,8,11],[0,2,4,5,8,9,11]))"
"((47,69,72),([0,1,3,5,8],[0,3,5,6,10],[0,1,5,6,9]),([1,2,2,2,3,0],[1,2,2,1,3,1],[2,0,2,3,2,1]),(8,[2,4,7,11]),((192,[0,1,3,5,6,8,9,10]),[4,5,6,5,6,2]),([0,1,3,5,6,8,10],[0,1,3,5,6,9,10],[0,1,3,5,6,8,9]))"
"((47,72,72),([0,1,3,5,8],[0,1,5,6,9],[0,1,3,6,10]),([1,2,2,2,3,0],[2,0,2,3,2,1],[1,2,3,1,2,1]),(8,[2,4,7,11]),((192,[0,1,3,5,6,8,9,10]),[4,5,6,5,6,2]),([0,1,3,5,6,8,9],[0,1,3,5,6,9,10],[0,1,3,5,6,8,10]))"
"((47,72,72),([0,1,3,5,8],[0,1,3,6,10],[0,1,5,6,9]),([1,2,2,2,3,0],[1,2,3,1,2,1],[2,0,2,3,2,1]),(8,[2,4,7,11]),((192,[0,1,3,5,6,8,9,10]),[4,5,6,5,6,2]),([0,1,3,5,6,8,10],[0,1,3,5,6,9,10],[0,1,3,5,6,8,9]))"
"((47,47,72),([0,1,3,5,8],[1,3,5,6,10],[0,1,5,6,9]),([1,2,2,2,3,0],[1,2,2,2,3,0],[2,0,2,3,2,1]),(8,[2,4,7,11]),((192,[0,1,3,5,6,8,9,10]),[4,5,6,5,6,2]),([0,1,3,5,6,8,10],[0,1,3,5,6,9,10],[0,1,3,5,6,8,9]))"
"((53,72,72),([0,1,3,5,10],[0,3,5,6,8],[0,1,5,6,9]),([1,3,2,1,3,0],[1,2,3,1,2,1],[2,0,2,3,2,1]),(8,[2,4,7,11]),((192,[0,1,3,5,6,8,9,10]),[4,5,6,5,6,2]),([0,1,3,5,6,8,10],[0,1,3,5,6,8,9],[0,1,3,5,6,9,10]))"
"((53,72,72),([0,1,3,5,10],[0,1,5,6,9],[0,3,5,6,8]),([1,3,2,1,3,0],[2,0,2,3,2,1],[1,2,3,1,2,1]),(8,[2,4,7,11]),((192,[0,1,3,5,6,8,9,10]),[4,5,6,5,6,2]),([0,1,3,5,6,9,10],[0,1,3,5,6,8,9],[0,1,3,5,6,8,10]))"
"((72,72,72),([0,3,5,6,8],[0,1,5,6,9],[0,1,3,6,10]),([1,2,3,1,2,1],[2,0,2,3,2,1],[1,2,3,1,2,1]),(8,[2,4,7,11]),((192,[0,1,3,5,6,8,9,10]),[4,5,6,5,6,2]),([0,1,3,5,6,8,9],[0,1,3,5,6,9,10],[0,1,3,5,6,8,10]))"
"((72,72,72),([0,3,5,6,8],[0,1,3,6,10],[0,1,5,6,9]),([1,2,3,1,2,1],[1,2,3,1,2,1],[2,0,2,3,2,1]),(8,[2,4,7,11]),((192,[0,1,3,5,6,8,9,10]),[4,5,6,5,6,2]),([0,1,3,5,6,8,10],[0,1,3,5,6,9,10],[0,1,3,5,6,8,9]))"
"((72,72,72),([0,1,5,6,9],[0,3,5,6,8],[0,1,3,6,10]),([2,0,2,3,2,1],[1,2,3,1,2,1],[1,2,3,1,2,1]),(8,[2,4,7,11]),((192,[0,1,3,5,6,8,9,10]),[4,5,6,5,6,2]),([0,1,3,5,6,8,9],[0,1,3,5,6,8,10],[0,1,3,5,6,9,10]))"
"((72,72,72),([0,1,5,6,9],[0,1,3,6,10],[0,3,5,6,8]),([2,0,2,3,2,1],[1,2,3,1,2,1],[1,2,3,1,2,1]),(8,[2,4,7,11]),((192,[0,1,3,5,6,8,9,10]),[4,5,6,5,6,2]),([0,1,3,5,6,9,10],[0,1,3,5,6,8,10],[0,1,3,5,6,8,9]))"
"((72,72,72),([0,1,3,6,10],[0,3,5,6,8],[0,1,5,6,9]),([1,2,3,1,2,1],[1,2,3,1,2,1],[2,0,2,3,2,1]),(8,[2,4,7,11]),((192,[0,1,3,5,6,8,9,10]),[4,5,6,5,6,2]),([0,1,3,5,6,8,10],[0,1,3,5,6,8,9],[0,1,3,5,6,9,10]))"
"((72,72,72),([0,1,3,6,10],[0,1,5,6,9],[0,3,5,6,8]),([1,2,3,1,2,1],[2,0,2,3,2,1],[1,2,3,1,2,1]),(8,[2,4,7,11]),((192,[0,1,3,5,6,8,9,10]),[4,5,6,5,6,2]),([0,1,3,5,6,9,10],[0,1,3,5,6,8,9],[0,1,3,5,6,8,10]))"
"((47,47,72),([1,3,5,6,10],[0,1,3,5,8],[0,1,5,6,9]),([1,2,2,2,3,0],[1,2,2,2,3,0],[2,0,2,3,2,1]),(8,[2,4,7,11]),((192,[0,1,3,5,6,8,9,10]),[4,5,6,5,6,2]),([0,1,3,5,6,8,10],[0,1,3,5,6,8,9],[0,1,3,5,6,9,10]))"
"((47,72,72),([1,3,5,6,10],[0,3,5,6,8],[0,1,5,6,9]),([1,2,2,2,3,0],[1,2,3,1,2,1],[2,0,2,3,2,1]),(8,[2,4,7,11]),((192,[0,1,3,5,6,8,9,10]),[4,5,6,5,6,2]),([0,1,3,5,6,8,10],[0,1,3,5,6,8,9],[0,1,3,5,6,9,10]))"
"((47,72,72),([1,3,5,6,10],[0,1,5,6,9],[0,3,5,6,8]),([1,2,2,2,3,0],[2,0,2,3,2,1],[1,2,3,1,2,1]),(8,[2,4,7,11]),((192,[0,1,3,5,6,8,9,10]),[4,5,6,5,6,2]),([0,1,3,5,6,9,10],[0,1,3,5,6,8,9],[0,1,3,5,6,8,10]))"
