"((53,68,71),([0,1,3,8,10],[0,1,5,7,10],[0,1,4,7,8]),([1,3,2,1,3,0],[1,2,2,1,3,1],[2,0,2,3,2,1]),(8,[2,6,9,11]),((191,[0,1,3,4,5,7,8,10]),[4,5,6,5,6,2]),([0,1,3,5,7,8,10],[0,1,4,5,7,8,10],[0,1,3,4,7,8,10]))"
"((46,68,71),([0,3,7,8,10],[0,1,5,7,10],[0,1,4,7,8]),([1,2,2,2,3,0],[1,2,2,1,3,1],[2,0,2,3,2,1]),(8,[2,6,9,11]),((191,[0,1,3,4,5,7,8,10]),[4,5,6,5,6,2]),([0,1,3,5,7,8,10],[0,1,4,5,7,8,10],[0,1,3,4,7,8,10]))"
"((46,47,71),([0,3,7,8,10],[0,1,5,8,10],[0,1,4,7,8]),([1,2,2,2,3,0],[1,2,2,2,3,0],[2,0,2,3,2,1]),(8,[2,6,9,11]),((191,[0,1,3,4,5,7,8,10]),[4,5,6,5,6,2]),([0,1,3,5,7,8,10],[0,1,4,5,7,8,10],[0,1,3,4,7,8,10]))"
"((52,71,71),([0,2,7,9,11],[0,3,6,7,11],[0,4,6,7,9]),([1,3,2,1,3,0],[2,0,2,3,2,1],[1,2,3,1,2,1]),(8,[1,5,8,10]),((191,[0,2,3,4,6,7,9,11]),[4,5,6,5,6,2]),([0,2,3,6,7,9,11],[0,3,4,6,7,9,11],[0,2,4,6,7,9,11]))"
"((52,71,71),([0,2,7,9,11],[0,4,6,7,9],[0,3,6,7,11]),([1,3,2,1,3,0],[1,2,3,1,2,1],[2,0,2,3,2,1]),(8,[1,5,8,10]),((191,[0,2,3,4,6,7,9,11]),[4,5,6,5,6,2]),([0,2,4,6,7,9,11],[0,3,4,6,7,9,11],[0,2,3,6,7,9,11]))"
"((52,53,71),([0,5,7,8,10],[0,1,3,8,10],[0,1,4,7,8]),([1,3,2,1,3,0],[1,3,2,1,3,0],[2,0,2,3,2,1]),(8,[2,6,9,11]),((191,[0,1,3,4,5,7,8,10]),[4,5,6,5,6,2]),([0,1,3,5,7,8,10],[0,1,3,4,7,8,10],[0,1,4,5,7,8,10]))"
"((52,71,71),([0,5,7,8,10],[0,1,3,7,10],[0,1,4,7,8]),([1,3,2,1,3,0],[1,2,3,1,2,1],[2,0,2,3,2,1]),(8,[2,6,9,11]),((191,[0,1,3,4,5,7,8,10]),[4,5,6,5,6,2]),([0,1,3,5,7,8,10],[0,1,3,4,7,8,10],[0,1,4,5,7,8,10]))"
"((52,71,71),([0,5,7,8,10],[0,1,4,7,8],[0,1,3,7,10]),([1,3,2,1,3,0],[2,0,2,3,2,1],[1,2,3,1,2,1]),(8,[2,6,9,11]),((191,[0,1,3,4,5,7,8,10]),[4,5,6,5,6,2]),([0,1,4,5,7,8,10],[0,1,3,4,7,8,10],[0,1,3,5,7,8,10]))"
"((52,68,71),([0,5,7,8,10],[1,3,7,8,10],[0,1,4,7,8]),([1,3,2,1,3,0],[1,2,2,1,3,1],[2,0,2,3,2,1]),(8,[2,6,9,11]),((191,[0,1,3,4,5,7,8,10]),[4,5,6,5,6,2]),([0,1,3,5,7,8,10],[0,1,3,4,7,8,10],[0,1,4,5,7,8,10]))"
"((68,68,71),([0,1,5,7,10],[1,3,7,8,10],[0,1,4,7,8]),([1,2,2,1,3,1],[1,2,2,1,3,1],[2,0,2,3,2,1]),(8,[2,6,9,11]),((191,[0,1,3,4,5,7,8,10]),[4,5,6,5,6,2]),([0,1,3,5,7,8,10],[0,1,3,4,7,8,10],[0,1,4,5,7,8,10]))"
"((46,68,71),([0,4,7,9,11],[0,2,6,7,9],[0,3,6,7,11]),([1,2,2,2,3,0],[1,2,2,1,3,1],[2,0,2,3,2,1]),(8,[1,5,8,10]),((191,[0,2,3,4,6,7,9,11]),[4,5,6,5,6,2]),([0,2,4,6,7,9,11],[0,2,3,6,7,9,11],[0,3,4,6,7,9,11]))"
"((47,71,71),([0,1,5,8,10],[0,1,3,7,10],[0,1,4,7,8]),([1,2,2,2,3,0],[1,2,3,1,2,1],[2,0,2,3,2,1]),(8,[2,6,9,11]),((191,[0,1,3,4,5,7,8,10]),[4,5,6,5,6,2]),([0,1,3,5,7,8,10],[0,1,3,4,7,8,10],[0,1,4,5,7,8,10]))"
"((47,71,71),([0,1,5,8,10],[0,1,4,7,8],[0,1,3,7,10]),([1,2,2,2,3,0],[2,0,2,3,2,1],[1,2,3,1,2,1]),(8,[2,6,9,11]),((191,[0,1,3,4,5,7,8,10]),[4,5,6,5,6,2]),([0,1,4,5,7,8,10],[0,1,3,4,7,8,10],[0,1,3,5,7,8,10]))"
"((47,68,71),([0,1,5,8,10],[1,3,7,8,10],[0,1,4,7,8]),([1,2,2,2,3,0],[1,2,2,1,3,1],[2,0,2,3,2,1]),(8,[2,6,9,11]),((191,[0,1,3,4,5,7,8,10]),[4,5,6,5,6,2]),([0,1,3,5,7,8,10],[0,1,3,4,7,8,10],[0,1,4,5,7,8,10]))"
"((68,68,71),([1,3,7,8,10],[0,1,5,7,10],[0,1,4,7,8]),([1,2,2,1,3,1],[1,2,2,1,3,1],[2,0,2,3,2,1]),(8,[2,6,9,11]),((191,[0,1,3,4,5,7,8,10]),[4,5,6,5,6,2]),([0,1,3,5,7,8,10],[0,1,4,5,7,8,10],[0,1,3,4,7,8,10]))"
