((38,[0,3,5,8,10]),[0,3,2,1,4,0])
((46,[0,3,5,7,8]),[1,2,2,2,3,0])
((46,[0,3,7,8,10]),[1,2,2,2,3,0])
((47,[0,1,3,5,8]),[1,2,2,2,3,0])
((47,[0,1,5,8,10]),[1,2,2,2,3,0])
((49,[0,3,4,7,8]),[2,0,2,4,2,0])
((49,[0,3,7,8,11]),[2,0,2,4,2,0])
((49,[0,4,7,8,11]),[2,0,2,4,2,0])
((50,[0,1,4,5,8]),[2,0,2,4,2,0])
((50,[0,1,4,8,9]),[2,0,2,4,2,0])
((50,[0,1,5,8,9]),[2,0,2,4,2,0])
((50,[0,3,4,8,11]),[2,0,2,4,2,0])
((50,[0,4,5,8,9]),[2,0,2,4,2,0])
((52,[0,5,7,8,10]),[1,3,2,1,3,0])
((53,[0,1,3,8,10]),[1,3,2,1,3,0])
((55,[0,4,5,7,8]),[2,1,2,3,2,0])
((56,[0,1,3,4,8]),[2,1,2,3,2,0])
((56,[0,4,8,9,11]),[2,1,2,3,2,0])
((62,[0,2,5,8,10]),[0,3,2,2,2,1])
((62,[0,3,6,8,10]),[0,3,2,2,2,1])
((66,[0,2,5,8,9]),[1,1,3,2,2,1])
((66,[0,3,5,8,9]),[1,1,3,2,2,1])
((66,[0,3,5,8,11]),[1,1,3,2,2,1])
((66,[0,3,6,8,11]),[1,1,3,2,2,1])
((67,[0,2,4,7,8]),[1,2,1,3,2,1])
((68,[0,1,4,6,8]),[1,2,1,3,2,1])
((68,[0,2,4,8,9]),[1,2,1,3,2,1])
((68,[0,2,5,7,8]),[1,2,2,1,3,1])
((68,[0,3,4,8,10]),[1,2,1,3,2,1])
((68,[0,4,5,8,10]),[1,2,1,3,2,1])
((68,[0,4,6,8,11]),[1,2,1,3,2,1])
((69,[0,1,3,6,8]),[1,2,2,1,3,1])
((71,[0,1,4,7,8]),[2,0,2,3,2,1])
((72,[0,2,3,5,8]),[1,2,3,1,2,1])
((72,[0,3,4,8,9]),[2,0,2,3,2,1])
((72,[0,3,5,6,8]),[1,2,3,1,2,1])
((72,[0,4,5,8,11]),[2,0,2,3,2,1])
((73,[0,2,7,8,10]),[1,3,1,2,2,1])
((74,[0,1,3,7,8]),[2,1,1,2,3,1])
((74,[0,1,5,7,8]),[2,1,1,2,3,1])
((74,[0,1,6,8,10]),[1,3,1,2,2,1])
((74,[0,2,3,7,8]),[2,1,1,2,3,1])
((74,[0,2,3,8,10]),[1,3,1,2,2,1])
((74,[0,5,6,8,10]),[1,3,1,2,2,1])
((75,[0,1,5,6,8]),[2,1,1,2,3,1])
((77,[0,2,7,8,11]),[2,1,2,2,2,1])
((77,[0,5,7,8,11]),[2,1,2,2,2,1])
((78,[0,1,3,8,9]),[2,1,2,2,2,1])
((78,[0,1,6,8,9]),[2,1,2,2,2,1])
((81,[0,3,8,9,11]),[2,1,3,2,1,1])
((81,[0,5,6,8,9]),[2,1,3,2,1,1])
((83,[0,1,7,8,10]),[2,2,2,1,2,1])
((93,[0,2,5,6,8]),[1,2,2,2,1,2])
((93,[0,2,6,8,11]),[1,2,2,2,1,2])
((100,[0,5,6,8,11]),[2,1,2,1,2,2])
