"((37,46,47),([0,2,5,7,9],[0,4,5,7,9],[0,2,4,5,9]),([0,3,2,1,4,0],[1,2,2,2,3,0],[1,2,2,2,3,0]),(6,[1,3,6,8,10,11]),((68,[0,2,4,5,7,9]),[1,4,3,2,5,0]))"
"((37,47,52),([0,2,5,7,9],[0,2,5,9,10],[0,5,7,9,10]),([0,3,2,1,4,0],[1,2,2,2,3,0],[1,3,2,1,3,0]),(6,[1,3,4,6,8,11]),((68,[0,2,5,7,9,10]),[1,4,3,2,5,0]))"
"((52,61,69),([0,5,7,9,10],[0,3,5,7,9],[0,3,5,9,10]),([1,3,2,1,3,0],[0,3,2,2,2,1],[1,2,2,1,3,1]),(6,[1,2,4,6,8,11]),((91,[0,3,5,7,9,10]),[1,4,3,2,4,1]))"
"((37,61,72),([0,2,5,7,9],[0,3,5,7,9],[0,2,3,5,9]),([0,3,2,1,4,0],[0,3,2,2,2,1],[1,2,3,1,2,1]),(6,[1,4,6,8,10,11]),((91,[0,2,3,5,7,9]),[1,4,3,2,4,1]))"
"((37,72,73),([0,2,5,7,9],[0,2,5,9,11],[0,5,7,9,11]),([0,3,2,1,4,0],[1,2,3,1,2,1],[1,3,1,2,2,1]),(6,[1,3,4,6,8,10]),((91,[0,2,5,7,9,11]),[1,4,3,2,4,1]))"
"((47,69,72),([0,2,5,9,10],[0,3,5,9,10],[0,2,3,5,9]),([1,2,2,2,3,0],[1,2,2,1,3,1],[1,2,3,1,2,1]),(6,[1,4,6,7,8,11]),((100,[0,2,3,5,9,10]),[2,3,3,2,4,1]))"
"((66,66,72),([0,2,5,8,9],[0,3,5,8,9],[0,2,3,5,9]),([1,1,3,2,2,1],[1,1,3,2,2,1],[1,2,3,1,2,1]),(6,[1,4,6,7,10,11]),((119,[0,2,3,5,8,9]),[2,2,4,2,3,2]))"
"((66,66,72),([0,3,5,8,9],[0,2,5,8,9],[0,2,3,5,9]),([1,1,3,2,2,1],[1,1,3,2,2,1],[1,2,3,1,2,1]),(6,[1,4,6,7,10,11]),((119,[0,2,3,5,8,9]),[2,2,4,2,3,2]))"
"((52,61,72),([0,5,7,9,10],[0,3,5,7,9],[0,2,3,5,9]),([1,3,2,1,3,0],[0,3,2,2,2,1],[1,2,3,1,2,1]),(7,[1,4,6,8,11]),((123,[0,2,3,5,7,9,10]),[2,5,4,3,6,1]))"
"((52,69,72),([0,5,7,9,10],[0,3,5,9,10],[0,2,3,5,9]),([1,3,2,1,3,0],[1,2,2,1,3,1],[1,2,3,1,2,1]),(7,[1,4,6,8,11]),((123,[0,2,3,5,7,9,10]),[2,5,4,3,6,1]))"
"((61,69,72),([0,3,5,7,9],[0,3,5,9,10],[0,2,3,5,9]),([0,3,2,2,2,1],[1,2,2,1,3,1],[1,2,3,1,2,1]),(7,[1,4,6,8,11]),((123,[0,2,3,5,7,9,10]),[2,5,4,3,6,1]))"
"((46,47,52),([0,4,5,7,9],[0,2,5,9,10],[0,5,7,9,10]),([1,2,2,2,3,0],[1,2,2,2,3,0],[1,3,2,1,3,0]),(7,[1,3,6,8,11]),((123,[0,2,4,5,7,9,10]),[2,5,4,3,6,1]))"
"((46,47,47),([0,4,5,7,9],[0,2,5,9,10],[0,2,4,5,9]),([1,2,2,2,3,0],[1,2,2,2,3,0],[1,2,2,2,3,0]),(7,[1,3,6,8,11]),((123,[0,2,4,5,7,9,10]),[2,5,4,3,6,1]))"
"((46,72,73),([0,4,5,7,9],[0,2,5,9,11],[0,5,7,9,11]),([1,2,2,2,3,0],[1,2,3,1,2,1],[1,3,1,2,2,1]),(7,[1,3,6,8,10]),((123,[0,2,4,5,7,9,11]),[2,5,4,3,6,1]))"
"((46,47,52),([0,4,5,7,9],[0,2,4,5,9],[0,5,7,9,10]),([1,2,2,2,3,0],[1,2,2,2,3,0],[1,3,2,1,3,0]),(7,[1,3,6,8,11]),((123,[0,2,4,5,7,9,10]),[2,5,4,3,6,1]))"
"((46,47,73),([0,4,5,7,9],[0,2,4,5,9],[0,5,7,9,11]),([1,2,2,2,3,0],[1,2,2,2,3,0],[1,3,1,2,2,1]),(7,[1,3,6,8,10]),((123,[0,2,4,5,7,9,11]),[2,5,4,3,6,1]))"
"((46,47,47),([0,4,5,7,9],[0,2,4,5,9],[0,2,5,9,10]),([1,2,2,2,3,0],[1,2,2,2,3,0],[1,2,2,2,3,0]),(7,[1,3,6,8,11]),((123,[0,2,4,5,7,9,10]),[2,5,4,3,6,1]))"
"((46,47,72),([0,4,5,7,9],[0,2,4,5,9],[0,2,5,9,11]),([1,2,2,2,3,0],[1,2,2,2,3,0],[1,2,3,1,2,1]),(7,[1,3,6,8,10]),((123,[0,2,4,5,7,9,11]),[2,5,4,3,6,1]))"
"((47,52,61),([0,2,5,9,10],[0,5,7,9,10],[0,3,5,7,9]),([1,2,2,2,3,0],[1,3,2,1,3,0],[0,3,2,2,2,1]),(7,[1,4,6,8,11]),((123,[0,2,3,5,7,9,10]),[2,5,4,3,6,1]))"
"((47,52,69),([0,2,5,9,10],[0,5,7,9,10],[0,3,5,9,10]),([1,2,2,2,3,0],[1,3,2,1,3,0],[1,2,2,1,3,1]),(7,[1,4,6,8,11]),((123,[0,2,3,5,7,9,10]),[2,5,4,3,6,1]))"
"((47,52,72),([0,2,5,9,10],[0,5,7,9,10],[0,2,3,5,9]),([1,2,2,2,3,0],[1,3,2,1,3,0],[1,2,3,1,2,1]),(7,[1,4,6,8,11]),((123,[0,2,3,5,7,9,10]),[2,5,4,3,6,1]))"
"((47,61,69),([0,2,5,9,10],[0,3,5,7,9],[0,3,5,9,10]),([1,2,2,2,3,0],[0,3,2,2,2,1],[1,2,2,1,3,1]),(7,[1,4,6,8,11]),((123,[0,2,3,5,7,9,10]),[2,5,4,3,6,1]))"
"((47,61,72),([0,2,5,9,10],[0,3,5,7,9],[0,2,3,5,9]),([1,2,2,2,3,0],[0,3,2,2,2,1],[1,2,3,1,2,1]),(7,[1,4,6,8,11]),((123,[0,2,3,5,7,9,10]),[2,5,4,3,6,1]))"
"((47,47,52),([0,2,5,9,10],[0,2,4,5,9],[0,5,7,9,10]),([1,2,2,2,3,0],[1,2,2,2,3,0],[1,3,2,1,3,0]),(7,[1,3,6,8,11]),((123,[0,2,4,5,7,9,10]),[2,5,4,3,6,1]))"
"((37,52,61),([0,2,5,7,9],[0,5,7,9,10],[0,3,5,7,9]),([0,3,2,1,4,0],[1,3,2,1,3,0],[0,3,2,2,2,1]),(7,[1,4,6,8,11]),((123,[0,2,3,5,7,9,10]),[2,5,4,3,6,1]))"
"((37,52,69),([0,2,5,7,9],[0,5,7,9,10],[0,3,5,9,10]),([0,3,2,1,4,0],[1,3,2,1,3,0],[1,2,2,1,3,1]),(7,[1,4,6,8,11]),((123,[0,2,3,5,7,9,10]),[2,5,4,3,6,1]))"
"((37,52,72),([0,2,5,7,9],[0,5,7,9,10],[0,2,3,5,9]),([0,3,2,1,4,0],[1,3,2,1,3,0],[1,2,3,1,2,1]),(7,[1,4,6,8,11]),((123,[0,2,3,5,7,9,10]),[2,5,4,3,6,1]))"
"((37,61,69),([0,2,5,7,9],[0,3,5,7,9],[0,3,5,9,10]),([0,3,2,1,4,0],[0,3,2,2,2,1],[1,2,2,1,3,1]),(7,[1,4,6,8,11]),((123,[0,2,3,5,7,9,10]),[2,5,4,3,6,1]))"
"((37,46,52),([0,2,5,7,9],[0,4,5,7,9],[0,5,7,9,10]),([0,3,2,1,4,0],[1,2,2,2,3,0],[1,3,2,1,3,0]),(7,[1,3,6,8,11]),((123,[0,2,4,5,7,9,10]),[2,5,4,3,6,1]))"
"((37,46,73),([0,2,5,7,9],[0,4,5,7,9],[0,5,7,9,11]),([0,3,2,1,4,0],[1,2,2,2,3,0],[1,3,1,2,2,1]),(7,[1,3,6,8,10]),((123,[0,2,4,5,7,9,11]),[2,5,4,3,6,1]))"
"((37,46,47),([0,2,5,7,9],[0,4,5,7,9],[0,2,5,9,10]),([0,3,2,1,4,0],[1,2,2,2,3,0],[1,2,2,2,3,0]),(7,[1,3,6,8,11]),((123,[0,2,4,5,7,9,10]),[2,5,4,3,6,1]))"
"((37,46,72),([0,2,5,7,9],[0,4,5,7,9],[0,2,5,9,11]),([0,3,2,1,4,0],[1,2,2,2,3,0],[1,2,3,1,2,1]),(7,[1,3,6,8,10]),((123,[0,2,4,5,7,9,11]),[2,5,4,3,6,1]))"
"((37,47,61),([0,2,5,7,9],[0,2,5,9,10],[0,3,5,7,9]),([0,3,2,1,4,0],[1,2,2,2,3,0],[0,3,2,2,2,1]),(7,[1,4,6,8,11]),((123,[0,2,3,5,7,9,10]),[2,5,4,3,6,1]))"
"((37,47,69),([0,2,5,7,9],[0,2,5,9,10],[0,3,5,9,10]),([0,3,2,1,4,0],[1,2,2,2,3,0],[1,2,2,1,3,1]),(7,[1,4,6,8,11]),((123,[0,2,3,5,7,9,10]),[2,5,4,3,6,1]))"
"((37,47,72),([0,2,5,7,9],[0,2,5,9,10],[0,2,3,5,9]),([0,3,2,1,4,0],[1,2,2,2,3,0],[1,2,3,1,2,1]),(7,[1,4,6,8,11]),((123,[0,2,3,5,7,9,10]),[2,5,4,3,6,1]))"
"((37,47,47),([0,2,5,7,9],[0,2,5,9,10],[0,2,4,5,9]),([0,3,2,1,4,0],[1,2,2,2,3,0],[1,2,2,2,3,0]),(7,[1,3,6,8,11]),((123,[0,2,4,5,7,9,10]),[2,5,4,3,6,1]))"
"((37,69,72),([0,2,5,7,9],[0,3,5,9,10],[0,2,3,5,9]),([0,3,2,1,4,0],[1,2,2,1,3,1],[1,2,3,1,2,1]),(7,[1,4,6,8,11]),((123,[0,2,3,5,7,9,10]),[2,5,4,3,6,1]))"
"((37,47,52),([0,2,5,7,9],[0,2,4,5,9],[0,5,7,9,10]),([0,3,2,1,4,0],[1,2,2,2,3,0],[1,3,2,1,3,0]),(7,[1,3,6,8,11]),((123,[0,2,4,5,7,9,10]),[2,5,4,3,6,1]))"
"((37,47,73),([0,2,5,7,9],[0,2,4,5,9],[0,5,7,9,11]),([0,3,2,1,4,0],[1,2,2,2,3,0],[1,3,1,2,2,1]),(7,[1,3,6,8,10]),((123,[0,2,4,5,7,9,11]),[2,5,4,3,6,1]))"
"((37,47,47),([0,2,5,7,9],[0,2,4,5,9],[0,2,5,9,10]),([0,3,2,1,4,0],[1,2,2,2,3,0],[1,2,2,2,3,0]),(7,[1,3,6,8,11]),((123,[0,2,4,5,7,9,10]),[2,5,4,3,6,1]))"
"((37,47,72),([0,2,5,7,9],[0,2,4,5,9],[0,2,5,9,11]),([0,3,2,1,4,0],[1,2,2,2,3,0],[1,2,3,1,2,1]),(7,[1,3,6,8,10]),((123,[0,2,4,5,7,9,11]),[2,5,4,3,6,1]))"
"((47,47,52),([0,2,4,5,9],[0,2,5,9,10],[0,5,7,9,10]),([1,2,2,2,3,0],[1,2,2,2,3,0],[1,3,2,1,3,0]),(7,[1,3,6,8,11]),((123,[0,2,4,5,7,9,10]),[2,5,4,3,6,1]))"
"((47,72,73),([0,2,4,5,9],[0,2,5,9,11],[0,5,7,9,11]),([1,2,2,2,3,0],[1,2,3,1,2,1],[1,3,1,2,2,1]),(7,[1,3,6,8,10]),((123,[0,2,4,5,7,9,11]),[2,5,4,3,6,1]))"
"((46,47,67),([0,4,5,7,9],[0,2,4,5,9],[0,1,5,7,9]),([1,2,2,2,3,0],[1,2,2,2,3,0],[1,2,1,3,2,1]),(7,[3,6,8,10,11]),((132,[0,1,2,4,5,7,9]),[3,4,4,4,5,1]))"
"((46,47,66),([0,4,5,7,9],[0,2,4,5,9],[0,2,5,8,9]),([1,2,2,2,3,0],[1,2,2,2,3,0],[1,1,3,2,2,1]),(7,[1,3,6,10,11]),((132,[0,2,4,5,7,8,9]),[3,4,4,4,5,1]))"
"((47,52,67),([0,2,5,9,10],[0,5,7,9,10],[0,1,5,7,9]),([1,2,2,2,3,0],[1,3,2,1,3,0],[1,2,1,3,2,1]),(7,[3,4,6,8,11]),((132,[0,1,2,5,7,9,10]),[3,4,4,4,5,1]))"
"((47,52,66),([0,2,5,9,10],[0,5,7,9,10],[0,2,5,6,9]),([1,2,2,2,3,0],[1,3,2,1,3,0],[1,1,3,2,2,1]),(7,[1,3,4,8,11]),((132,[0,2,5,6,7,9,10]),[3,4,4,4,5,1]))"
"((37,52,67),([0,2,5,7,9],[0,5,7,9,10],[0,1,5,7,9]),([0,3,2,1,4,0],[1,3,2,1,3,0],[1,2,1,3,2,1]),(7,[3,4,6,8,11]),((132,[0,1,2,5,7,9,10]),[3,4,4,4,5,1]))"
"((37,52,66),([0,2,5,7,9],[0,5,7,9,10],[0,2,5,6,9]),([0,3,2,1,4,0],[1,3,2,1,3,0],[1,1,3,2,2,1]),(7,[1,3,4,8,11]),((132,[0,2,5,6,7,9,10]),[3,4,4,4,5,1]))"
"((37,46,67),([0,2,5,7,9],[0,4,5,7,9],[0,1,5,7,9]),([0,3,2,1,4,0],[1,2,2,2,3,0],[1,2,1,3,2,1]),(7,[3,6,8,10,11]),((132,[0,1,2,4,5,7,9]),[3,4,4,4,5,1]))"
"((37,46,66),([0,2,5,7,9],[0,4,5,7,9],[0,2,5,8,9]),([0,3,2,1,4,0],[1,2,2,2,3,0],[1,1,3,2,2,1]),(7,[1,3,6,10,11]),((132,[0,2,4,5,7,8,9]),[3,4,4,4,5,1]))"
"((37,47,67),([0,2,5,7,9],[0,2,5,9,10],[0,1,5,7,9]),([0,3,2,1,4,0],[1,2,2,2,3,0],[1,2,1,3,2,1]),(7,[3,4,6,8,11]),((132,[0,1,2,5,7,9,10]),[3,4,4,4,5,1]))"
"((37,47,66),([0,2,5,7,9],[0,2,5,9,10],[0,2,5,6,9]),([0,3,2,1,4,0],[1,2,2,2,3,0],[1,1,3,2,2,1]),(7,[1,3,4,8,11]),((132,[0,2,5,6,7,9,10]),[3,4,4,4,5,1]))"
"((37,47,67),([0,2,5,7,9],[0,2,4,5,9],[0,1,5,7,9]),([0,3,2,1,4,0],[1,2,2,2,3,0],[1,2,1,3,2,1]),(7,[3,6,8,10,11]),((132,[0,1,2,4,5,7,9]),[3,4,4,4,5,1]))"
"((37,47,66),([0,2,5,7,9],[0,2,4,5,9],[0,2,5,8,9]),([0,3,2,1,4,0],[1,2,2,2,3,0],[1,1,3,2,2,1]),(7,[1,3,6,10,11]),((132,[0,2,4,5,7,8,9]),[3,4,4,4,5,1]))"
"((52,61,66),([0,5,7,9,10],[0,3,5,7,9],[0,3,5,8,9]),([1,3,2,1,3,0],[0,3,2,2,2,1],[1,1,3,2,2,1]),(7,[1,2,4,6,11]),((138,[0,3,5,7,8,9,10]),[3,5,4,3,5,1]))"
"((52,66,69),([0,5,7,9,10],[0,3,5,8,9],[0,3,5,9,10]),([1,3,2,1,3,0],[1,1,3,2,2,1],[1,2,2,1,3,1]),(7,[1,2,4,6,11]),((138,[0,3,5,7,8,9,10]),[3,5,4,3,5,1]))"
"((52,72,73),([0,5,7,9,10],[0,2,5,9,11],[0,5,7,9,11]),([1,3,2,1,3,0],[1,2,3,1,2,1],[1,3,1,2,2,1]),(7,[1,3,4,6,8]),((138,[0,2,5,7,9,10,11]),[3,5,4,3,5,1]))"
"((61,66,69),([0,3,5,7,9],[0,3,5,8,9],[0,3,5,9,10]),([0,3,2,2,2,1],[1,1,3,2,2,1],[1,2,2,1,3,1]),(7,[1,2,4,6,11]),((138,[0,3,5,7,8,9,10]),[3,5,4,3,5,1]))"
"((46,61,72),([0,4,5,7,9],[0,3,5,7,9],[0,2,3,5,9]),([1,2,2,2,3,0],[0,3,2,2,2,1],[1,2,3,1,2,1]),(7,[1,6,8,10,11]),((138,[0,2,3,4,5,7,9]),[3,5,4,3,5,1]))"
"((46,47,61),([0,4,5,7,9],[0,2,4,5,9],[0,3,5,7,9]),([1,2,2,2,3,0],[1,2,2,2,3,0],[0,3,2,2,2,1]),(7,[1,6,8,10,11]),((138,[0,2,3,4,5,7,9]),[3,5,4,3,5,1]))"
"((46,47,72),([0,4,5,7,9],[0,2,4,5,9],[0,2,3,5,9]),([1,2,2,2,3,0],[1,2,2,2,3,0],[1,2,3,1,2,1]),(7,[1,6,8,10,11]),((138,[0,2,3,4,5,7,9]),[3,5,4,3,5,1]))"
"((46,47,66),([0,4,5,7,9],[0,2,4,5,9],[0,2,5,6,9]),([1,2,2,2,3,0],[1,2,2,2,3,0],[1,1,3,2,2,1]),(7,[1,3,8,10,11]),((138,[0,2,4,5,6,7,9]),[3,5,4,3,5,1]))"
"((47,52,73),([0,2,5,9,10],[0,5,7,9,10],[0,5,7,9,11]),([1,2,2,2,3,0],[1,3,2,1,3,0],[1,3,1,2,2,1]),(7,[1,3,4,6,8]),((138,[0,2,5,7,9,10,11]),[3,5,4,3,5,1]))"
"((47,52,66),([0,2,5,9,10],[0,5,7,9,10],[0,2,5,8,9]),([1,2,2,2,3,0],[1,3,2,1,3,0],[1,1,3,2,2,1]),(7,[1,3,4,6,11]),((138,[0,2,5,7,8,9,10]),[3,5,4,3,5,1]))"
"((47,52,72),([0,2,5,9,10],[0,5,7,9,10],[0,2,5,9,11]),([1,2,2,2,3,0],[1,3,2,1,3,0],[1,2,3,1,2,1]),(7,[1,3,4,6,8]),((138,[0,2,5,7,9,10,11]),[3,5,4,3,5,1]))"
"((47,72,73),([0,2,5,9,10],[0,2,5,9,11],[0,5,7,9,11]),([1,2,2,2,3,0],[1,2,3,1,2,1],[1,3,1,2,2,1]),(7,[1,3,4,6,8]),((138,[0,2,5,7,9,10,11]),[3,5,4,3,5,1]))"
"((37,52,73),([0,2,5,7,9],[0,5,7,9,10],[0,5,7,9,11]),([0,3,2,1,4,0],[1,3,2,1,3,0],[1,3,1,2,2,1]),(7,[1,3,4,6,8]),((138,[0,2,5,7,9,10,11]),[3,5,4,3,5,1]))"
"((37,52,66),([0,2,5,7,9],[0,5,7,9,10],[0,2,5,8,9]),([0,3,2,1,4,0],[1,3,2,1,3,0],[1,1,3,2,2,1]),(7,[1,3,4,6,11]),((138,[0,2,5,7,8,9,10]),[3,5,4,3,5,1]))"
"((37,52,72),([0,2,5,7,9],[0,5,7,9,10],[0,2,5,9,11]),([0,3,2,1,4,0],[1,3,2,1,3,0],[1,2,3,1,2,1]),(7,[1,3,4,6,8]),((138,[0,2,5,7,9,10,11]),[3,5,4,3,5,1]))"
"((37,46,61),([0,2,5,7,9],[0,4,5,7,9],[0,3,5,7,9]),([0,3,2,1,4,0],[1,2,2,2,3,0],[0,3,2,2,2,1]),(7,[1,6,8,10,11]),((138,[0,2,3,4,5,7,9]),[3,5,4,3,5,1]))"
"((37,46,72),([0,2,5,7,9],[0,4,5,7,9],[0,2,3,5,9]),([0,3,2,1,4,0],[1,2,2,2,3,0],[1,2,3,1,2,1]),(7,[1,6,8,10,11]),((138,[0,2,3,4,5,7,9]),[3,5,4,3,5,1]))"
"((37,46,66),([0,2,5,7,9],[0,4,5,7,9],[0,2,5,6,9]),([0,3,2,1,4,0],[1,2,2,2,3,0],[1,1,3,2,2,1]),(7,[1,3,8,10,11]),((138,[0,2,4,5,6,7,9]),[3,5,4,3,5,1]))"
"((37,47,73),([0,2,5,7,9],[0,2,5,9,10],[0,5,7,9,11]),([0,3,2,1,4,0],[1,2,2,2,3,0],[1,3,1,2,2,1]),(7,[1,3,4,6,8]),((138,[0,2,5,7,9,10,11]),[3,5,4,3,5,1]))"
"((37,47,66),([0,2,5,7,9],[0,2,5,9,10],[0,2,5,8,9]),([0,3,2,1,4,0],[1,2,2,2,3,0],[1,1,3,2,2,1]),(7,[1,3,4,6,11]),((138,[0,2,5,7,8,9,10]),[3,5,4,3,5,1]))"
"((37,47,72),([0,2,5,7,9],[0,2,5,9,10],[0,2,5,9,11]),([0,3,2,1,4,0],[1,2,2,2,3,0],[1,2,3,1,2,1]),(7,[1,3,4,6,8]),((138,[0,2,5,7,9,10,11]),[3,5,4,3,5,1]))"
"((37,47,61),([0,2,5,7,9],[0,2,4,5,9],[0,3,5,7,9]),([0,3,2,1,4,0],[1,2,2,2,3,0],[0,3,2,2,2,1]),(7,[1,6,8,10,11]),((138,[0,2,3,4,5,7,9]),[3,5,4,3,5,1]))"
"((37,47,72),([0,2,5,7,9],[0,2,4,5,9],[0,2,3,5,9]),([0,3,2,1,4,0],[1,2,2,2,3,0],[1,2,3,1,2,1]),(7,[1,6,8,10,11]),((138,[0,2,3,4,5,7,9]),[3,5,4,3,5,1]))"
"((37,47,66),([0,2,5,7,9],[0,2,4,5,9],[0,2,5,6,9]),([0,3,2,1,4,0],[1,2,2,2,3,0],[1,1,3,2,2,1]),(7,[1,3,8,10,11]),((138,[0,2,4,5,6,7,9]),[3,5,4,3,5,1]))"
"((47,61,72),([0,2,4,5,9],[0,3,5,7,9],[0,2,3,5,9]),([1,2,2,2,3,0],[0,3,2,2,2,1],[1,2,3,1,2,1]),(7,[1,6,8,10,11]),((138,[0,2,3,4,5,7,9]),[3,5,4,3,5,1]))"
"((46,61,66),([0,4,5,7,9],[0,3,5,7,9],[0,3,5,8,9]),([1,2,2,2,3,0],[0,3,2,2,2,1],[1,1,3,2,2,1]),(7,[1,2,6,10,11]),((141,[0,3,4,5,7,8,9]),[4,3,4,5,4,1]))"
"((52,61,67),([0,5,7,9,10],[0,3,5,7,9],[0,1,5,7,9]),([1,3,2,1,3,0],[0,3,2,2,2,1],[1,2,1,3,2,1]),(7,[2,4,6,8,11]),((147,[0,1,3,5,7,9,10]),[2,5,4,4,4,2]))"
"((52,67,69),([0,5,7,9,10],[0,1,5,7,9],[0,3,5,9,10]),([1,3,2,1,3,0],[1,2,1,3,2,1],[1,2,2,1,3,1]),(7,[2,4,6,8,11]),((147,[0,1,3,5,7,9,10]),[2,5,4,4,4,2]))"
"((61,67,69),([0,3,5,7,9],[0,1,5,7,9],[0,3,5,9,10]),([0,3,2,2,2,1],[1,2,1,3,2,1],[1,2,2,1,3,1]),(7,[2,4,6,8,11]),((147,[0,1,3,5,7,9,10]),[2,5,4,4,4,2]))"
"((61,72,73),([0,3,5,7,9],[0,2,3,5,9],[0,5,7,9,11]),([0,3,2,2,2,1],[1,2,3,1,2,1],[1,3,1,2,2,1]),(7,[1,4,6,8,10]),((147,[0,2,3,5,7,9,11]),[2,5,4,4,4,2]))"
"((61,72,72),([0,3,5,7,9],[0,2,3,5,9],[0,2,5,9,11]),([0,3,2,2,2,1],[1,2,3,1,2,1],[1,2,3,1,2,1]),(7,[1,4,6,8,10]),((147,[0,2,3,5,7,9,11]),[2,5,4,4,4,2]))"
"((61,72,73),([0,3,5,7,9],[0,2,5,9,11],[0,5,7,9,11]),([0,3,2,2,2,1],[1,2,3,1,2,1],[1,3,1,2,2,1]),(7,[1,4,6,8,10]),((147,[0,2,3,5,7,9,11]),[2,5,4,4,4,2]))"
"((61,72,72),([0,3,5,7,9],[0,2,5,9,11],[0,2,3,5,9]),([0,3,2,2,2,1],[1,2,3,1,2,1],[1,2,3,1,2,1]),(7,[1,4,6,8,10]),((147,[0,2,3,5,7,9,11]),[2,5,4,4,4,2]))"
"((37,61,73),([0,2,5,7,9],[0,3,5,7,9],[0,5,7,9,11]),([0,3,2,1,4,0],[0,3,2,2,2,1],[1,3,1,2,2,1]),(7,[1,4,6,8,10]),((147,[0,2,3,5,7,9,11]),[2,5,4,4,4,2]))"
"((37,61,72),([0,2,5,7,9],[0,3,5,7,9],[0,2,5,9,11]),([0,3,2,1,4,0],[0,3,2,2,2,1],[1,2,3,1,2,1]),(7,[1,4,6,8,10]),((147,[0,2,3,5,7,9,11]),[2,5,4,4,4,2]))"
"((37,72,73),([0,2,5,7,9],[0,2,3,5,9],[0,5,7,9,11]),([0,3,2,1,4,0],[1,2,3,1,2,1],[1,3,1,2,2,1]),(7,[1,4,6,8,10]),((147,[0,2,3,5,7,9,11]),[2,5,4,4,4,2]))"
"((37,72,72),([0,2,5,7,9],[0,2,3,5,9],[0,2,5,9,11]),([0,3,2,1,4,0],[1,2,3,1,2,1],[1,2,3,1,2,1]),(7,[1,4,6,8,10]),((147,[0,2,3,5,7,9,11]),[2,5,4,4,4,2]))"
"((37,72,72),([0,2,5,7,9],[0,2,5,9,11],[0,2,3,5,9]),([0,3,2,1,4,0],[1,2,3,1,2,1],[1,2,3,1,2,1]),(7,[1,4,6,8,10]),((147,[0,2,3,5,7,9,11]),[2,5,4,4,4,2]))"
"((72,72,73),([0,2,3,5,9],[0,2,5,9,11],[0,5,7,9,11]),([1,2,3,1,2,1],[1,2,3,1,2,1],[1,3,1,2,2,1]),(7,[1,4,6,8,10]),((147,[0,2,3,5,7,9,11]),[2,5,4,4,4,2]))"
"((72,72,73),([0,2,5,9,11],[0,2,3,5,9],[0,5,7,9,11]),([1,2,3,1,2,1],[1,2,3,1,2,1],[1,3,1,2,2,1]),(7,[1,4,6,8,10]),((147,[0,2,3,5,7,9,11]),[2,5,4,4,4,2]))"
"((46,52,67),([0,4,5,7,9],[0,5,7,9,10],[0,1,5,7,9]),([1,2,2,2,3,0],[1,3,2,1,3,0],[1,2,1,3,2,1]),(7,[2,3,6,8,11]),((151,[0,1,4,5,7,9,10]),[3,3,5,4,4,2]))"
"((47,66,69),([0,2,5,9,10],[0,2,5,6,9],[0,3,5,9,10]),([1,2,2,2,3,0],[1,1,3,2,2,1],[1,2,2,1,3,1]),(7,[1,4,7,8,11]),((152,[0,2,3,5,6,9,10]),[3,3,5,4,4,2]))"
"((47,66,72),([0,2,5,9,10],[0,2,5,6,9],[0,2,3,5,9]),([1,2,2,2,3,0],[1,1,3,2,2,1],[1,2,3,1,2,1]),(7,[1,4,7,8,11]),((152,[0,2,3,5,6,9,10]),[3,3,5,4,4,2]))"
"((66,69,72),([0,2,5,6,9],[0,3,5,9,10],[0,2,3,5,9]),([1,1,3,2,2,1],[1,2,2,1,3,1],[1,2,3,1,2,1]),(7,[1,4,7,8,11]),((152,[0,2,3,5,6,9,10]),[3,3,5,4,4,2]))"
"((47,66,72),([0,2,4,5,9],[0,2,5,8,9],[0,2,5,9,11]),([1,2,2,2,3,0],[1,1,3,2,2,1],[1,2,3,1,2,1]),(7,[1,3,6,7,10]),((152,[0,2,4,5,8,9,11]),[3,3,5,4,4,2]))"
"((61,66,67),([0,3,5,7,9],[0,3,5,8,9],[0,1,5,7,9]),([0,3,2,2,2,1],[1,1,3,2,2,1],[1,2,1,3,2,1]),(7,[2,4,6,10,11]),((153,[0,1,3,5,7,8,9]),[3,4,3,5,4,2]))"
"((46,61,73),([0,4,5,7,9],[0,3,5,7,9],[0,5,7,9,11]),([1,2,2,2,3,0],[0,3,2,2,2,1],[1,3,1,2,2,1]),(7,[1,2,6,8,10]),((153,[0,3,4,5,7,9,11]),[3,4,3,5,4,2]))"
"((46,67,73),([0,4,5,7,9],[0,1,5,7,9],[0,5,7,9,11]),([1,2,2,2,3,0],[1,2,1,3,2,1],[1,3,1,2,2,1]),(7,[2,3,6,8,10]),((153,[0,1,4,5,7,9,11]),[3,4,3,5,4,2]))"
"((61,66,72),([0,3,5,7,9],[0,2,5,8,9],[0,2,3,5,9]),([0,3,2,2,2,1],[1,1,3,2,2,1],[1,2,3,1,2,1]),(7,[1,4,6,10,11]),((154,[0,2,3,5,7,8,9]),[3,4,4,3,5,2]))"
"((61,66,66),([0,3,5,7,9],[0,2,5,8,9],[0,3,5,8,9]),([0,3,2,2,2,1],[1,1,3,2,2,1],[1,1,3,2,2,1]),(7,[1,4,6,10,11]),((154,[0,2,3,5,7,8,9]),[3,4,4,3,5,2]))"
"((61,66,72),([0,3,5,7,9],[0,3,5,8,9],[0,2,3,5,9]),([0,3,2,2,2,1],[1,1,3,2,2,1],[1,2,3,1,2,1]),(7,[1,4,6,10,11]),((154,[0,2,3,5,7,8,9]),[3,4,4,3,5,2]))"
"((61,66,66),([0,3,5,7,9],[0,3,5,8,9],[0,2,5,8,9]),([0,3,2,2,2,1],[1,1,3,2,2,1],[1,1,3,2,2,1]),(7,[1,4,6,10,11]),((154,[0,2,3,5,7,8,9]),[3,4,4,3,5,2]))"
"((46,52,61),([0,4,5,7,9],[0,5,7,9,10],[0,3,5,7,9]),([1,2,2,2,3,0],[1,3,2,1,3,0],[0,3,2,2,2,1]),(7,[1,2,6,8,11]),((154,[0,3,4,5,7,9,10]),[3,4,4,3,5,2]))"
"((46,52,69),([0,4,5,7,9],[0,5,7,9,10],[0,3,5,9,10]),([1,2,2,2,3,0],[1,3,2,1,3,0],[1,2,2,1,3,1]),(7,[1,2,6,8,11]),((154,[0,3,4,5,7,9,10]),[3,4,4,3,5,2]))"
"((46,61,69),([0,4,5,7,9],[0,3,5,7,9],[0,3,5,9,10]),([1,2,2,2,3,0],[0,3,2,2,2,1],[1,2,2,1,3,1]),(7,[1,2,6,8,11]),((154,[0,3,4,5,7,9,10]),[3,4,4,3,5,2]))"
"((47,47,66),([0,2,5,9,10],[0,2,4,5,9],[0,2,5,8,9]),([1,2,2,2,3,0],[1,2,2,2,3,0],[1,1,3,2,2,1]),(7,[1,3,6,7,11]),((154,[0,2,4,5,8,9,10]),[3,4,3,5,4,2]))"
"((47,47,66),([0,2,5,9,10],[0,2,4,5,9],[0,2,5,6,9]),([1,2,2,2,3,0],[1,2,2,2,3,0],[1,1,3,2,2,1]),(7,[1,3,7,8,11]),((154,[0,2,4,5,6,9,10]),[3,4,3,5,4,2]))"
"((37,61,66),([0,2,5,7,9],[0,3,5,7,9],[0,2,5,8,9]),([0,3,2,1,4,0],[0,3,2,2,2,1],[1,1,3,2,2,1]),(7,[1,4,6,10,11]),((154,[0,2,3,5,7,8,9]),[3,4,4,3,5,2]))"
"((37,61,66),([0,2,5,7,9],[0,3,5,7,9],[0,3,5,8,9]),([0,3,2,1,4,0],[0,3,2,2,2,1],[1,1,3,2,2,1]),(7,[1,4,6,10,11]),((154,[0,2,3,5,7,8,9]),[3,4,4,3,5,2]))"
"((37,66,72),([0,2,5,7,9],[0,2,5,8,9],[0,2,3,5,9]),([0,3,2,1,4,0],[1,1,3,2,2,1],[1,2,3,1,2,1]),(7,[1,4,6,10,11]),((154,[0,2,3,5,7,8,9]),[3,4,4,3,5,2]))"
"((37,66,66),([0,2,5,7,9],[0,2,5,8,9],[0,3,5,8,9]),([0,3,2,1,4,0],[1,1,3,2,2,1],[1,1,3,2,2,1]),(7,[1,4,6,10,11]),((154,[0,2,3,5,7,8,9]),[3,4,4,3,5,2]))"
"((37,66,72),([0,2,5,7,9],[0,3,5,8,9],[0,2,3,5,9]),([0,3,2,1,4,0],[1,1,3,2,2,1],[1,2,3,1,2,1]),(7,[1,4,6,10,11]),((154,[0,2,3,5,7,8,9]),[3,4,4,3,5,2]))"
"((37,66,66),([0,2,5,7,9],[0,3,5,8,9],[0,2,5,8,9]),([0,3,2,1,4,0],[1,1,3,2,2,1],[1,1,3,2,2,1]),(7,[1,4,6,10,11]),((154,[0,2,3,5,7,8,9]),[3,4,4,3,5,2]))"
"((37,66,73),([0,2,5,7,9],[0,2,5,6,9],[0,5,7,9,11]),([0,3,2,1,4,0],[1,1,3,2,2,1],[1,3,1,2,2,1]),(7,[1,3,4,8,10]),((154,[0,2,5,6,7,9,11]),[3,4,4,3,5,2]))"
"((37,66,72),([0,2,5,7,9],[0,2,5,6,9],[0,2,5,9,11]),([0,3,2,1,4,0],[1,1,3,2,2,1],[1,2,3,1,2,1]),(7,[1,3,4,8,10]),((154,[0,2,5,6,7,9,11]),[3,4,4,3,5,2]))"
"((66,72,73),([0,2,5,6,9],[0,2,5,9,11],[0,5,7,9,11]),([1,1,3,2,2,1],[1,2,3,1,2,1],[1,3,1,2,2,1]),(7,[1,3,4,8,10]),((154,[0,2,5,6,7,9,11]),[3,4,4,3,5,2]))"
"((47,47,66),([0,2,4,5,9],[0,2,5,9,10],[0,2,5,8,9]),([1,2,2,2,3,0],[1,2,2,2,3,0],[1,1,3,2,2,1]),(7,[1,3,6,7,11]),((154,[0,2,4,5,8,9,10]),[3,4,3,5,4,2]))"
"((47,47,66),([0,2,4,5,9],[0,2,5,9,10],[0,2,5,6,9]),([1,2,2,2,3,0],[1,2,2,2,3,0],[1,1,3,2,2,1]),(7,[1,3,7,8,11]),((154,[0,2,4,5,6,9,10]),[3,4,3,5,4,2]))"
"((47,66,69),([0,2,5,9,10],[0,2,5,8,9],[0,3,5,9,10]),([1,2,2,2,3,0],[1,1,3,2,2,1],[1,2,2,1,3,1]),(7,[1,4,6,7,11]),((155,[0,2,3,5,8,9,10]),[3,4,4,3,5,2]))"
"((47,66,72),([0,2,5,9,10],[0,2,5,8,9],[0,2,3,5,9]),([1,2,2,2,3,0],[1,1,3,2,2,1],[1,2,3,1,2,1]),(7,[1,4,6,7,11]),((155,[0,2,3,5,8,9,10]),[3,4,4,3,5,2]))"
"((47,66,66),([0,2,5,9,10],[0,2,5,8,9],[0,3,5,8,9]),([1,2,2,2,3,0],[1,1,3,2,2,1],[1,1,3,2,2,1]),(7,[1,4,6,7,11]),((155,[0,2,3,5,8,9,10]),[3,4,4,3,5,2]))"
"((47,66,69),([0,2,5,9,10],[0,3,5,8,9],[0,3,5,9,10]),([1,2,2,2,3,0],[1,1,3,2,2,1],[1,2,2,1,3,1]),(7,[1,4,6,7,11]),((155,[0,2,3,5,8,9,10]),[3,4,4,3,5,2]))"
"((47,66,72),([0,2,5,9,10],[0,3,5,8,9],[0,2,3,5,9]),([1,2,2,2,3,0],[1,1,3,2,2,1],[1,2,3,1,2,1]),(7,[1,4,6,7,11]),((155,[0,2,3,5,8,9,10]),[3,4,4,3,5,2]))"
"((47,66,66),([0,2,5,9,10],[0,3,5,8,9],[0,2,5,8,9]),([1,2,2,2,3,0],[1,1,3,2,2,1],[1,1,3,2,2,1]),(7,[1,4,6,7,11]),((155,[0,2,3,5,8,9,10]),[3,4,4,3,5,2]))"
"((66,69,72),([0,2,5,8,9],[0,3,5,9,10],[0,2,3,5,9]),([1,1,3,2,2,1],[1,2,2,1,3,1],[1,2,3,1,2,1]),(7,[1,4,6,7,11]),((155,[0,2,3,5,8,9,10]),[3,4,4,3,5,2]))"
"((66,66,69),([0,2,5,8,9],[0,3,5,8,9],[0,3,5,9,10]),([1,1,3,2,2,1],[1,1,3,2,2,1],[1,2,2,1,3,1]),(7,[1,4,6,7,11]),((155,[0,2,3,5,8,9,10]),[3,4,4,3,5,2]))"
"((66,69,72),([0,3,5,8,9],[0,3,5,9,10],[0,2,3,5,9]),([1,1,3,2,2,1],[1,2,2,1,3,1],[1,2,3,1,2,1]),(7,[1,4,6,7,11]),((155,[0,2,3,5,8,9,10]),[3,4,4,3,5,2]))"
"((66,66,69),([0,3,5,8,9],[0,2,5,8,9],[0,3,5,9,10]),([1,1,3,2,2,1],[1,1,3,2,2,1],[1,2,2,1,3,1]),(7,[1,4,6,7,11]),((155,[0,2,3,5,8,9,10]),[3,4,4,3,5,2]))"
"((47,66,72),([0,2,4,5,9],[0,2,5,6,9],[0,2,5,9,11]),([1,2,2,2,3,0],[1,1,3,2,2,1],[1,2,3,1,2,1]),(7,[1,3,7,8,10]),((155,[0,2,4,5,6,9,11]),[3,4,4,3,5,2]))"
"((61,66,73),([0,3,5,7,9],[0,3,5,8,9],[0,5,7,9,11]),([0,3,2,2,2,1],[1,1,3,2,2,1],[1,3,1,2,2,1]),(7,[1,2,4,6,10]),((156,[0,3,5,7,8,9,11]),[3,4,4,5,3,2]))"
"((46,61,67),([0,4,5,7,9],[0,3,5,7,9],[0,1,5,7,9]),([1,2,2,2,3,0],[0,3,2,2,2,1],[1,2,1,3,2,1]),(7,[2,6,8,10,11]),((156,[0,1,3,4,5,7,9]),[3,4,4,5,3,2]))"
"((61,66,72),([0,3,5,7,9],[0,2,5,6,9],[0,2,3,5,9]),([0,3,2,2,2,1],[1,1,3,2,2,1],[1,2,3,1,2,1]),(7,[1,4,8,10,11]),((157,[0,2,3,5,6,7,9]),[3,4,5,3,4,2]))"
"((47,66,66),([0,2,5,9,10],[0,2,5,8,9],[0,2,5,6,9]),([1,2,2,2,3,0],[1,1,3,2,2,1],[1,1,3,2,2,1]),(7,[1,3,4,7,11]),((157,[0,2,5,6,8,9,10]),[3,4,4,5,3,2]))"
"((47,66,66),([0,2,5,9,10],[0,2,5,6,9],[0,2,5,8,9]),([1,2,2,2,3,0],[1,1,3,2,2,1],[1,1,3,2,2,1]),(7,[1,3,4,7,11]),((157,[0,2,5,6,8,9,10]),[3,4,4,5,3,2]))"
"((37,61,66),([0,2,5,7,9],[0,3,5,7,9],[0,2,5,6,9]),([0,3,2,1,4,0],[0,3,2,2,2,1],[1,1,3,2,2,1]),(7,[1,4,8,10,11]),((157,[0,2,3,5,6,7,9]),[3,4,5,3,4,2]))"
"((37,66,73),([0,2,5,7,9],[0,2,5,8,9],[0,5,7,9,11]),([0,3,2,1,4,0],[1,1,3,2,2,1],[1,3,1,2,2,1]),(7,[1,3,4,6,10]),((157,[0,2,5,7,8,9,11]),[3,4,5,3,4,2]))"
"((37,66,72),([0,2,5,7,9],[0,2,5,8,9],[0,2,5,9,11]),([0,3,2,1,4,0],[1,1,3,2,2,1],[1,2,3,1,2,1]),(7,[1,3,4,6,10]),((157,[0,2,5,7,8,9,11]),[3,4,5,3,4,2]))"
"((37,66,72),([0,2,5,7,9],[0,2,5,6,9],[0,2,3,5,9]),([0,3,2,1,4,0],[1,1,3,2,2,1],[1,2,3,1,2,1]),(7,[1,4,8,10,11]),((157,[0,2,3,5,6,7,9]),[3,4,5,3,4,2]))"
"((66,72,73),([0,2,5,8,9],[0,2,5,9,11],[0,5,7,9,11]),([1,1,3,2,2,1],[1,2,3,1,2,1],[1,3,1,2,2,1]),(7,[1,3,4,6,10]),((157,[0,2,5,7,8,9,11]),[3,4,5,3,4,2]))"
"((47,66,66),([0,2,4,5,9],[0,2,5,8,9],[0,2,5,6,9]),([1,2,2,2,3,0],[1,1,3,2,2,1],[1,1,3,2,2,1]),(7,[1,3,7,10,11]),((157,[0,2,4,5,6,8,9]),[3,4,4,5,3,2]))"
"((47,66,66),([0,2,4,5,9],[0,2,5,6,9],[0,2,5,8,9]),([1,2,2,2,3,0],[1,1,3,2,2,1],[1,1,3,2,2,1]),(7,[1,3,7,10,11]),((157,[0,2,4,5,6,8,9]),[3,4,4,5,3,2]))"
"((52,61,73),([0,5,7,9,10],[0,3,5,7,9],[0,5,7,9,11]),([1,3,2,1,3,0],[0,3,2,2,2,1],[1,3,1,2,2,1]),(7,[1,2,4,6,8]),((159,[0,3,5,7,9,10,11]),[3,5,3,4,4,2]))"
"((52,69,73),([0,5,7,9,10],[0,3,5,9,10],[0,5,7,9,11]),([1,3,2,1,3,0],[1,2,2,1,3,1],[1,3,1,2,2,1]),(7,[1,2,4,6,8]),((159,[0,3,5,7,9,10,11]),[3,5,3,4,4,2]))"
"((61,67,72),([0,3,5,7,9],[0,1,5,7,9],[0,2,3,5,9]),([0,3,2,2,2,1],[1,2,1,3,2,1],[1,2,3,1,2,1]),(7,[4,6,8,10,11]),((159,[0,1,2,3,5,7,9]),[3,5,3,4,4,2]))"
"((61,69,73),([0,3,5,7,9],[0,3,5,9,10],[0,5,7,9,11]),([0,3,2,2,2,1],[1,2,2,1,3,1],[1,3,1,2,2,1]),(7,[1,2,4,6,8]),((159,[0,3,5,7,9,10,11]),[3,5,3,4,4,2]))"
"((67,72,73),([0,1,5,7,9],[0,2,5,9,11],[0,5,7,9,11]),([1,2,1,3,2,1],[1,2,3,1,2,1],[1,3,1,2,2,1]),(7,[3,4,6,8,10]),((159,[0,1,2,5,7,9,11]),[3,5,3,4,4,2]))"
"((37,61,67),([0,2,5,7,9],[0,3,5,7,9],[0,1,5,7,9]),([0,3,2,1,4,0],[0,3,2,2,2,1],[1,2,1,3,2,1]),(7,[4,6,8,10,11]),((159,[0,1,2,3,5,7,9]),[3,5,3,4,4,2]))"
"((37,67,73),([0,2,5,7,9],[0,1,5,7,9],[0,5,7,9,11]),([0,3,2,1,4,0],[1,2,1,3,2,1],[1,3,1,2,2,1]),(7,[3,4,6,8,10]),((159,[0,1,2,5,7,9,11]),[3,5,3,4,4,2]))"
"((37,67,72),([0,2,5,7,9],[0,1,5,7,9],[0,2,3,5,9]),([0,3,2,1,4,0],[1,2,1,3,2,1],[1,2,3,1,2,1]),(7,[4,6,8,10,11]),((159,[0,1,2,3,5,7,9]),[3,5,3,4,4,2]))"
"((37,67,72),([0,2,5,7,9],[0,1,5,7,9],[0,2,5,9,11]),([0,3,2,1,4,0],[1,2,1,3,2,1],[1,2,3,1,2,1]),(7,[3,4,6,8,10]),((159,[0,1,2,5,7,9,11]),[3,5,3,4,4,2]))"
"((37,66,67),([0,2,5,7,9],[0,2,5,8,9],[0,1,5,7,9]),([0,3,2,1,4,0],[1,1,3,2,2,1],[1,2,1,3,2,1]),(7,[3,4,6,10,11]),((160,[0,1,2,5,7,8,9]),[4,3,3,4,5,2]))"
"((37,66,67),([0,2,5,7,9],[0,2,5,6,9],[0,1,5,7,9]),([0,3,2,1,4,0],[1,1,3,2,2,1],[1,2,1,3,2,1]),(7,[3,4,8,10,11]),((160,[0,1,2,5,6,7,9]),[4,3,3,4,5,2]))"
"((47,66,72),([0,2,5,9,10],[0,2,5,6,9],[0,2,5,9,11]),([1,2,2,2,3,0],[1,1,3,2,2,1],[1,2,3,1,2,1]),(7,[1,3,4,7,8]),((164,[0,2,5,6,9,10,11]),[4,3,4,4,4,2]))"
"((47,66,72),([0,2,4,5,9],[0,2,5,8,9],[0,2,3,5,9]),([1,2,2,2,3,0],[1,1,3,2,2,1],[1,2,3,1,2,1]),(7,[1,6,7,10,11]),((164,[0,2,3,4,5,8,9]),[4,3,4,4,4,2]))"
"((47,66,66),([0,2,4,5,9],[0,2,5,8,9],[0,3,5,8,9]),([1,2,2,2,3,0],[1,1,3,2,2,1],[1,1,3,2,2,1]),(7,[1,6,7,10,11]),((164,[0,2,3,4,5,8,9]),[4,3,4,4,4,2]))"
"((47,66,72),([0,2,4,5,9],[0,3,5,8,9],[0,2,3,5,9]),([1,2,2,2,3,0],[1,1,3,2,2,1],[1,2,3,1,2,1]),(7,[1,6,7,10,11]),((164,[0,2,3,4,5,8,9]),[4,3,4,4,4,2]))"
"((47,66,66),([0,2,4,5,9],[0,3,5,8,9],[0,2,5,8,9]),([1,2,2,2,3,0],[1,1,3,2,2,1],[1,1,3,2,2,1]),(7,[1,6,7,10,11]),((164,[0,2,3,4,5,8,9]),[4,3,4,4,4,2]))"
"((46,52,73),([0,4,5,7,9],[0,5,7,9,10],[0,5,7,9,11]),([1,2,2,2,3,0],[1,3,2,1,3,0],[1,3,1,2,2,1]),(7,[1,2,3,6,8]),((166,[0,4,5,7,9,10,11]),[4,4,3,3,5,2]))"
"((47,47,69),([0,2,5,9,10],[0,2,4,5,9],[0,3,5,9,10]),([1,2,2,2,3,0],[1,2,2,2,3,0],[1,2,2,1,3,1]),(7,[1,6,7,8,11]),((167,[0,2,3,4,5,9,10]),[4,4,3,3,5,2]))"
"((47,47,72),([0,2,5,9,10],[0,2,4,5,9],[0,2,3,5,9]),([1,2,2,2,3,0],[1,2,2,2,3,0],[1,2,3,1,2,1]),(7,[1,6,7,8,11]),((167,[0,2,3,4,5,9,10]),[4,4,3,3,5,2]))"
"((47,47,72),([0,2,5,9,10],[0,2,4,5,9],[0,2,5,9,11]),([1,2,2,2,3,0],[1,2,2,2,3,0],[1,2,3,1,2,1]),(7,[1,3,6,7,8]),((167,[0,2,4,5,9,10,11]),[4,4,3,3,5,2]))"
"((47,47,69),([0,2,4,5,9],[0,2,5,9,10],[0,3,5,9,10]),([1,2,2,2,3,0],[1,2,2,2,3,0],[1,2,2,1,3,1]),(7,[1,6,7,8,11]),((167,[0,2,3,4,5,9,10]),[4,4,3,3,5,2]))"
"((47,47,72),([0,2,4,5,9],[0,2,5,9,10],[0,2,3,5,9]),([1,2,2,2,3,0],[1,2,2,2,3,0],[1,2,3,1,2,1]),(7,[1,6,7,8,11]),((167,[0,2,3,4,5,9,10]),[4,4,3,3,5,2]))"
"((47,47,72),([0,2,4,5,9],[0,2,5,9,10],[0,2,5,9,11]),([1,2,2,2,3,0],[1,2,2,2,3,0],[1,2,3,1,2,1]),(7,[1,3,6,7,8]),((167,[0,2,4,5,9,10,11]),[4,4,3,3,5,2]))"
"((47,69,72),([0,2,4,5,9],[0,3,5,9,10],[0,2,3,5,9]),([1,2,2,2,3,0],[1,2,2,1,3,1],[1,2,3,1,2,1]),(7,[1,6,7,8,11]),((167,[0,2,3,4,5,9,10]),[4,4,3,3,5,2]))"
"((37,66,66),([0,2,5,7,9],[0,2,5,8,9],[0,2,5,6,9]),([0,3,2,1,4,0],[1,1,3,2,2,1],[1,1,3,2,2,1]),(7,[1,3,4,10,11]),((169,[0,2,5,6,7,8,9]),[4,4,4,3,4,2]))"
"((37,66,66),([0,2,5,7,9],[0,2,5,6,9],[0,2,5,8,9]),([0,3,2,1,4,0],[1,1,3,2,2,1],[1,1,3,2,2,1]),(7,[1,3,4,10,11]),((169,[0,2,5,6,7,8,9]),[4,4,4,3,4,2]))"
"((47,69,72),([0,2,5,9,10],[0,3,5,9,10],[0,2,5,9,11]),([1,2,2,2,3,0],[1,2,2,1,3,1],[1,2,3,1,2,1]),(7,[1,4,6,7,8]),((170,[0,2,3,5,9,10,11]),[4,4,4,3,4,2]))"
"((47,72,72),([0,2,5,9,10],[0,2,3,5,9],[0,2,5,9,11]),([1,2,2,2,3,0],[1,2,3,1,2,1],[1,2,3,1,2,1]),(7,[1,4,6,7,8]),((170,[0,2,3,5,9,10,11]),[4,4,4,3,4,2]))"
"((47,72,72),([0,2,5,9,10],[0,2,5,9,11],[0,2,3,5,9]),([1,2,2,2,3,0],[1,2,3,1,2,1],[1,2,3,1,2,1]),(7,[1,4,6,7,8]),((170,[0,2,3,5,9,10,11]),[4,4,4,3,4,2]))"
"((69,72,72),([0,3,5,9,10],[0,2,3,5,9],[0,2,5,9,11]),([1,2,2,1,3,1],[1,2,3,1,2,1],[1,2,3,1,2,1]),(7,[1,4,6,7,8]),((170,[0,2,3,5,9,10,11]),[4,4,4,3,4,2]))"
"((69,72,72),([0,3,5,9,10],[0,2,5,9,11],[0,2,3,5,9]),([1,2,2,1,3,1],[1,2,3,1,2,1],[1,2,3,1,2,1]),(7,[1,4,6,7,8]),((170,[0,2,3,5,9,10,11]),[4,4,4,3,4,2]))"
"((47,72,72),([0,2,4,5,9],[0,2,3,5,9],[0,2,5,9,11]),([1,2,2,2,3,0],[1,2,3,1,2,1],[1,2,3,1,2,1]),(7,[1,6,7,8,10]),((170,[0,2,3,4,5,9,11]),[4,4,4,3,4,2]))"
"((47,72,72),([0,2,4,5,9],[0,2,5,9,11],[0,2,3,5,9]),([1,2,2,2,3,0],[1,2,3,1,2,1],[1,2,3,1,2,1]),(7,[1,6,7,8,10]),((170,[0,2,3,4,5,9,11]),[4,4,4,3,4,2]))"
"((61,67,73),([0,3,5,7,9],[0,1,5,7,9],[0,5,7,9,11]),([0,3,2,2,2,1],[1,2,1,3,2,1],[1,3,1,2,2,1]),(7,[2,4,6,8,10]),((173,[0,1,3,5,7,9,11]),[2,6,2,6,2,3]))"
"((47,66,72),([0,2,5,9,10],[0,2,5,8,9],[0,2,5,9,11]),([1,2,2,2,3,0],[1,1,3,2,2,1],[1,2,3,1,2,1]),(7,[1,3,4,6,7]),((173,[0,2,5,8,9,10,11]),[4,4,5,3,3,2]))"
"((47,66,72),([0,2,4,5,9],[0,2,5,6,9],[0,2,3,5,9]),([1,2,2,2,3,0],[1,1,3,2,2,1],[1,2,3,1,2,1]),(7,[1,7,8,10,11]),((173,[0,2,3,4,5,6,9]),[4,4,5,3,3,2]))"
"((52,67,73),([0,5,7,9,10],[0,1,5,7,9],[0,5,7,9,11]),([1,3,2,1,3,0],[1,2,1,3,2,1],[1,3,1,2,2,1]),(7,[2,3,4,6,8]),((174,[0,1,5,7,9,10,11]),[4,5,3,4,3,2]))"
"((66,72,72),([0,2,5,8,9],[0,2,3,5,9],[0,2,5,9,11]),([1,1,3,2,2,1],[1,2,3,1,2,1],[1,2,3,1,2,1]),(7,[1,4,6,7,10]),((177,[0,2,3,5,8,9,11]),[3,3,6,3,3,3]))"
"((66,66,66),([0,2,5,8,9],[0,3,5,8,9],[0,2,5,6,9]),([1,1,3,2,2,1],[1,1,3,2,2,1],[1,1,3,2,2,1]),(7,[1,4,7,10,11]),((177,[0,2,3,5,6,8,9]),[3,3,6,3,3,3]))"
"((66,66,72),([0,2,5,8,9],[0,3,5,8,9],[0,2,5,9,11]),([1,1,3,2,2,1],[1,1,3,2,2,1],[1,2,3,1,2,1]),(7,[1,4,6,7,10]),((177,[0,2,3,5,8,9,11]),[3,3,6,3,3,3]))"
"((66,66,72),([0,2,5,8,9],[0,2,5,6,9],[0,2,3,5,9]),([1,1,3,2,2,1],[1,1,3,2,2,1],[1,2,3,1,2,1]),(7,[1,4,7,10,11]),((177,[0,2,3,5,6,8,9]),[3,3,6,3,3,3]))"
"((66,66,66),([0,2,5,8,9],[0,2,5,6,9],[0,3,5,8,9]),([1,1,3,2,2,1],[1,1,3,2,2,1],[1,1,3,2,2,1]),(7,[1,4,7,10,11]),((177,[0,2,3,5,6,8,9]),[3,3,6,3,3,3]))"
"((66,66,72),([0,2,5,8,9],[0,2,5,6,9],[0,2,5,9,11]),([1,1,3,2,2,1],[1,1,3,2,2,1],[1,2,3,1,2,1]),(7,[1,3,4,7,10]),((177,[0,2,5,6,8,9,11]),[3,3,6,3,3,3]))"
"((66,72,72),([0,2,5,8,9],[0,2,5,9,11],[0,2,3,5,9]),([1,1,3,2,2,1],[1,2,3,1,2,1],[1,2,3,1,2,1]),(7,[1,4,6,7,10]),((177,[0,2,3,5,8,9,11]),[3,3,6,3,3,3]))"
"((66,72,72),([0,3,5,8,9],[0,2,3,5,9],[0,2,5,9,11]),([1,1,3,2,2,1],[1,2,3,1,2,1],[1,2,3,1,2,1]),(7,[1,4,6,7,10]),((177,[0,2,3,5,8,9,11]),[3,3,6,3,3,3]))"
"((66,66,66),([0,3,5,8,9],[0,2,5,8,9],[0,2,5,6,9]),([1,1,3,2,2,1],[1,1,3,2,2,1],[1,1,3,2,2,1]),(7,[1,4,7,10,11]),((177,[0,2,3,5,6,8,9]),[3,3,6,3,3,3]))"
"((66,66,72),([0,3,5,8,9],[0,2,5,8,9],[0,2,5,9,11]),([1,1,3,2,2,1],[1,1,3,2,2,1],[1,2,3,1,2,1]),(7,[1,4,6,7,10]),((177,[0,2,3,5,8,9,11]),[3,3,6,3,3,3]))"
"((66,66,72),([0,3,5,8,9],[0,2,5,6,9],[0,2,3,5,9]),([1,1,3,2,2,1],[1,1,3,2,2,1],[1,2,3,1,2,1]),(7,[1,4,7,10,11]),((177,[0,2,3,5,6,8,9]),[3,3,6,3,3,3]))"
"((66,66,66),([0,3,5,8,9],[0,2,5,6,9],[0,2,5,8,9]),([1,1,3,2,2,1],[1,1,3,2,2,1],[1,1,3,2,2,1]),(7,[1,4,7,10,11]),((177,[0,2,3,5,6,8,9]),[3,3,6,3,3,3]))"
"((66,72,72),([0,3,5,8,9],[0,2,5,9,11],[0,2,3,5,9]),([1,1,3,2,2,1],[1,2,3,1,2,1],[1,2,3,1,2,1]),(7,[1,4,6,7,10]),((177,[0,2,3,5,8,9,11]),[3,3,6,3,3,3]))"
"((66,72,72),([0,2,5,6,9],[0,2,3,5,9],[0,2,5,9,11]),([1,1,3,2,2,1],[1,2,3,1,2,1],[1,2,3,1,2,1]),(7,[1,4,7,8,10]),((177,[0,2,3,5,6,9,11]),[3,3,6,3,3,3]))"
"((66,66,72),([0,2,5,6,9],[0,2,5,8,9],[0,2,3,5,9]),([1,1,3,2,2,1],[1,1,3,2,2,1],[1,2,3,1,2,1]),(7,[1,4,7,10,11]),((177,[0,2,3,5,6,8,9]),[3,3,6,3,3,3]))"
"((66,66,66),([0,2,5,6,9],[0,2,5,8,9],[0,3,5,8,9]),([1,1,3,2,2,1],[1,1,3,2,2,1],[1,1,3,2,2,1]),(7,[1,4,7,10,11]),((177,[0,2,3,5,6,8,9]),[3,3,6,3,3,3]))"
"((66,66,72),([0,2,5,6,9],[0,2,5,8,9],[0,2,5,9,11]),([1,1,3,2,2,1],[1,1,3,2,2,1],[1,2,3,1,2,1]),(7,[1,3,4,7,10]),((177,[0,2,5,6,8,9,11]),[3,3,6,3,3,3]))"
"((66,66,72),([0,2,5,6,9],[0,3,5,8,9],[0,2,3,5,9]),([1,1,3,2,2,1],[1,1,3,2,2,1],[1,2,3,1,2,1]),(7,[1,4,7,10,11]),((177,[0,2,3,5,6,8,9]),[3,3,6,3,3,3]))"
"((66,66,66),([0,2,5,6,9],[0,3,5,8,9],[0,2,5,8,9]),([1,1,3,2,2,1],[1,1,3,2,2,1],[1,1,3,2,2,1]),(7,[1,4,7,10,11]),((177,[0,2,3,5,6,8,9]),[3,3,6,3,3,3]))"
"((66,72,72),([0,2,5,6,9],[0,2,5,9,11],[0,2,3,5,9]),([1,1,3,2,2,1],[1,2,3,1,2,1],[1,2,3,1,2,1]),(7,[1,4,7,8,10]),((177,[0,2,3,5,6,9,11]),[3,3,6,3,3,3]))"
"((52,61,66),([0,5,7,9,10],[0,3,5,7,9],[0,2,5,6,9]),([1,3,2,1,3,0],[0,3,2,2,2,1],[1,1,3,2,2,1]),(8,[1,4,8,11]),((191,[0,2,3,5,6,7,9,10]),[4,5,6,5,6,2]))"
"((52,66,69),([0,5,7,9,10],[0,2,5,6,9],[0,3,5,9,10]),([1,3,2,1,3,0],[1,1,3,2,2,1],[1,2,2,1,3,1]),(8,[1,4,8,11]),((191,[0,2,3,5,6,7,9,10]),[4,5,6,5,6,2]))"
"((52,66,72),([0,5,7,9,10],[0,2,5,6,9],[0,2,3,5,9]),([1,3,2,1,3,0],[1,1,3,2,2,1],[1,2,3,1,2,1]),(8,[1,4,8,11]),((191,[0,2,3,5,6,7,9,10]),[4,5,6,5,6,2]))"
"((61,66,69),([0,3,5,7,9],[0,2,5,6,9],[0,3,5,9,10]),([0,3,2,2,2,1],[1,1,3,2,2,1],[1,2,2,1,3,1]),(8,[1,4,8,11]),((191,[0,2,3,5,6,7,9,10]),[4,5,6,5,6,2]))"
"((46,47,67),([0,4,5,7,9],[0,2,5,9,10],[0,1,5,7,9]),([1,2,2,2,3,0],[1,2,2,2,3,0],[1,2,1,3,2,1]),(8,[3,6,8,11]),((191,[0,1,2,4,5,7,9,10]),[4,5,6,5,6,2]))"
"((46,66,73),([0,4,5,7,9],[0,2,5,8,9],[0,5,7,9,11]),([1,2,2,2,3,0],[1,1,3,2,2,1],[1,3,1,2,2,1]),(8,[1,3,6,10]),((191,[0,2,4,5,7,8,9,11]),[4,5,6,5,6,2]))"
"((46,66,72),([0,4,5,7,9],[0,2,5,8,9],[0,2,5,9,11]),([1,2,2,2,3,0],[1,1,3,2,2,1],[1,2,3,1,2,1]),(8,[1,3,6,10]),((191,[0,2,4,5,7,8,9,11]),[4,5,6,5,6,2]))"
"((47,61,66),([0,2,5,9,10],[0,3,5,7,9],[0,2,5,6,9]),([1,2,2,2,3,0],[0,3,2,2,2,1],[1,1,3,2,2,1]),(8,[1,4,8,11]),((191,[0,2,3,5,6,7,9,10]),[4,5,6,5,6,2]))"
"((47,47,67),([0,2,5,9,10],[0,2,4,5,9],[0,1,5,7,9]),([1,2,2,2,3,0],[1,2,2,2,3,0],[1,2,1,3,2,1]),(8,[3,6,8,11]),((191,[0,1,2,4,5,7,9,10]),[4,5,6,5,6,2]))"
"((37,66,69),([0,2,5,7,9],[0,2,5,6,9],[0,3,5,9,10]),([0,3,2,1,4,0],[1,1,3,2,2,1],[1,2,2,1,3,1]),(8,[1,4,8,11]),((191,[0,2,3,5,6,7,9,10]),[4,5,6,5,6,2]))"
"((47,52,67),([0,2,4,5,9],[0,5,7,9,10],[0,1,5,7,9]),([1,2,2,2,3,0],[1,3,2,1,3,0],[1,2,1,3,2,1]),(8,[3,6,8,11]),((191,[0,1,2,4,5,7,9,10]),[4,5,6,5,6,2]))"
"((47,47,67),([0,2,4,5,9],[0,2,5,9,10],[0,1,5,7,9]),([1,2,2,2,3,0],[1,2,2,2,3,0],[1,2,1,3,2,1]),(8,[3,6,8,11]),((191,[0,1,2,4,5,7,9,10]),[4,5,6,5,6,2]))"
"((47,66,73),([0,2,4,5,9],[0,2,5,8,9],[0,5,7,9,11]),([1,2,2,2,3,0],[1,1,3,2,2,1],[1,3,1,2,2,1]),(8,[1,3,6,10]),((191,[0,2,4,5,7,8,9,11]),[4,5,6,5,6,2]))"
"((52,61,66),([0,5,7,9,10],[0,3,5,7,9],[0,2,5,8,9]),([1,3,2,1,3,0],[0,3,2,2,2,1],[1,1,3,2,2,1]),(8,[1,4,6,11]),((194,[0,2,3,5,7,8,9,10]),[4,6,5,4,7,2]))"
"((52,66,69),([0,5,7,9,10],[0,2,5,8,9],[0,3,5,9,10]),([1,3,2,1,3,0],[1,1,3,2,2,1],[1,2,2,1,3,1]),(8,[1,4,6,11]),((194,[0,2,3,5,7,8,9,10]),[4,6,5,4,7,2]))"
"((52,66,72),([0,5,7,9,10],[0,2,5,8,9],[0,2,3,5,9]),([1,3,2,1,3,0],[1,1,3,2,2,1],[1,2,3,1,2,1]),(8,[1,4,6,11]),((194,[0,2,3,5,7,8,9,10]),[4,6,5,4,7,2]))"
"((52,66,66),([0,5,7,9,10],[0,2,5,8,9],[0,3,5,8,9]),([1,3,2,1,3,0],[1,1,3,2,2,1],[1,1,3,2,2,1]),(8,[1,4,6,11]),((194,[0,2,3,5,7,8,9,10]),[4,6,5,4,7,2]))"
"((52,66,72),([0,5,7,9,10],[0,3,5,8,9],[0,2,3,5,9]),([1,3,2,1,3,0],[1,1,3,2,2,1],[1,2,3,1,2,1]),(8,[1,4,6,11]),((194,[0,2,3,5,7,8,9,10]),[4,6,5,4,7,2]))"
"((52,66,66),([0,5,7,9,10],[0,3,5,8,9],[0,2,5,8,9]),([1,3,2,1,3,0],[1,1,3,2,2,1],[1,1,3,2,2,1]),(8,[1,4,6,11]),((194,[0,2,3,5,7,8,9,10]),[4,6,5,4,7,2]))"
"((61,66,69),([0,3,5,7,9],[0,2,5,8,9],[0,3,5,9,10]),([0,3,2,2,2,1],[1,1,3,2,2,1],[1,2,2,1,3,1]),(8,[1,4,6,11]),((194,[0,2,3,5,7,8,9,10]),[4,6,5,4,7,2]))"
"((46,52,72),([0,4,5,7,9],[0,5,7,9,10],[0,2,3,5,9]),([1,2,2,2,3,0],[1,3,2,1,3,0],[1,2,3,1,2,1]),(8,[1,6,8,11]),((194,[0,2,3,4,5,7,9,10]),[4,6,5,4,7,2]))"
"((46,52,72),([0,4,5,7,9],[0,5,7,9,10],[0,2,5,9,11]),([1,2,2,2,3,0],[1,3,2,1,3,0],[1,2,3,1,2,1]),(8,[1,3,6,8]),((194,[0,2,4,5,7,9,10,11]),[4,6,5,4,7,2]))"
"((46,47,61),([0,4,5,7,9],[0,2,5,9,10],[0,3,5,7,9]),([1,2,2,2,3,0],[1,2,2,2,3,0],[0,3,2,2,2,1]),(8,[1,6,8,11]),((194,[0,2,3,4,5,7,9,10]),[4,6,5,4,7,2]))"
"((46,47,73),([0,4,5,7,9],[0,2,5,9,10],[0,5,7,9,11]),([1,2,2,2,3,0],[1,2,2,2,3,0],[1,3,1,2,2,1]),(8,[1,3,6,8]),((194,[0,2,4,5,7,9,10,11]),[4,6,5,4,7,2]))"
"((46,47,69),([0,4,5,7,9],[0,2,5,9,10],[0,3,5,9,10]),([1,2,2,2,3,0],[1,2,2,2,3,0],[1,2,2,1,3,1]),(8,[1,6,8,11]),((194,[0,2,3,4,5,7,9,10]),[4,6,5,4,7,2]))"
"((46,47,72),([0,4,5,7,9],[0,2,5,9,10],[0,2,3,5,9]),([1,2,2,2,3,0],[1,2,2,2,3,0],[1,2,3,1,2,1]),(8,[1,6,8,11]),((194,[0,2,3,4,5,7,9,10]),[4,6,5,4,7,2]))"
"((46,47,72),([0,4,5,7,9],[0,2,5,9,10],[0,2,5,9,11]),([1,2,2,2,3,0],[1,2,2,2,3,0],[1,2,3,1,2,1]),(8,[1,3,6,8]),((194,[0,2,4,5,7,9,10,11]),[4,6,5,4,7,2]))"
"((46,69,72),([0,4,5,7,9],[0,3,5,9,10],[0,2,3,5,9]),([1,2,2,2,3,0],[1,2,2,1,3,1],[1,2,3,1,2,1]),(8,[1,6,8,11]),((194,[0,2,3,4,5,7,9,10]),[4,6,5,4,7,2]))"
"((46,66,73),([0,4,5,7,9],[0,2,5,6,9],[0,5,7,9,11]),([1,2,2,2,3,0],[1,1,3,2,2,1],[1,3,1,2,2,1]),(8,[1,3,8,10]),((194,[0,2,4,5,6,7,9,11]),[4,6,5,4,7,2]))"
"((46,66,72),([0,4,5,7,9],[0,2,5,6,9],[0,2,5,9,11]),([1,2,2,2,3,0],[1,1,3,2,2,1],[1,2,3,1,2,1]),(8,[1,3,8,10]),((194,[0,2,4,5,6,7,9,11]),[4,6,5,4,7,2]))"
"((46,47,69),([0,4,5,7,9],[0,2,4,5,9],[0,3,5,9,10]),([1,2,2,2,3,0],[1,2,2,2,3,0],[1,2,2,1,3,1]),(8,[1,6,8,11]),((194,[0,2,3,4,5,7,9,10]),[4,6,5,4,7,2]))"
"((47,52,66),([0,2,5,9,10],[0,5,7,9,10],[0,3,5,8,9]),([1,2,2,2,3,0],[1,3,2,1,3,0],[1,1,3,2,2,1]),(8,[1,4,6,11]),((194,[0,2,3,5,7,8,9,10]),[4,6,5,4,7,2]))"
"((47,61,66),([0,2,5,9,10],[0,3,5,7,9],[0,2,5,8,9]),([1,2,2,2,3,0],[0,3,2,2,2,1],[1,1,3,2,2,1]),(8,[1,4,6,11]),((194,[0,2,3,5,7,8,9,10]),[4,6,5,4,7,2]))"
"((47,61,66),([0,2,5,9,10],[0,3,5,7,9],[0,3,5,8,9]),([1,2,2,2,3,0],[0,3,2,2,2,1],[1,1,3,2,2,1]),(8,[1,4,6,11]),((194,[0,2,3,5,7,8,9,10]),[4,6,5,4,7,2]))"
"((47,47,61),([0,2,5,9,10],[0,2,4,5,9],[0,3,5,7,9]),([1,2,2,2,3,0],[1,2,2,2,3,0],[0,3,2,2,2,1]),(8,[1,6,8,11]),((194,[0,2,3,4,5,7,9,10]),[4,6,5,4,7,2]))"
"((47,47,73),([0,2,5,9,10],[0,2,4,5,9],[0,5,7,9,11]),([1,2,2,2,3,0],[1,2,2,2,3,0],[1,3,1,2,2,1]),(8,[1,3,6,8]),((194,[0,2,4,5,7,9,10,11]),[4,6,5,4,7,2]))"
"((37,52,66),([0,2,5,7,9],[0,5,7,9,10],[0,3,5,8,9]),([0,3,2,1,4,0],[1,3,2,1,3,0],[1,1,3,2,2,1]),(8,[1,4,6,11]),((194,[0,2,3,5,7,8,9,10]),[4,6,5,4,7,2]))"
"((37,46,69),([0,2,5,7,9],[0,4,5,7,9],[0,3,5,9,10]),([0,3,2,1,4,0],[1,2,2,2,3,0],[1,2,2,1,3,1]),(8,[1,6,8,11]),((194,[0,2,3,4,5,7,9,10]),[4,6,5,4,7,2]))"
"((37,47,66),([0,2,5,7,9],[0,2,5,9,10],[0,3,5,8,9]),([0,3,2,1,4,0],[1,2,2,2,3,0],[1,1,3,2,2,1]),(8,[1,4,6,11]),((194,[0,2,3,5,7,8,9,10]),[4,6,5,4,7,2]))"
"((37,66,69),([0,2,5,7,9],[0,2,5,8,9],[0,3,5,9,10]),([0,3,2,1,4,0],[1,1,3,2,2,1],[1,2,2,1,3,1]),(8,[1,4,6,11]),((194,[0,2,3,5,7,8,9,10]),[4,6,5,4,7,2]))"
"((37,66,69),([0,2,5,7,9],[0,3,5,8,9],[0,3,5,9,10]),([0,3,2,1,4,0],[1,1,3,2,2,1],[1,2,2,1,3,1]),(8,[1,4,6,11]),((194,[0,2,3,5,7,8,9,10]),[4,6,5,4,7,2]))"
"((37,47,69),([0,2,5,7,9],[0,2,4,5,9],[0,3,5,9,10]),([0,3,2,1,4,0],[1,2,2,2,3,0],[1,2,2,1,3,1]),(8,[1,6,8,11]),((194,[0,2,3,4,5,7,9,10]),[4,6,5,4,7,2]))"
"((47,52,61),([0,2,4,5,9],[0,5,7,9,10],[0,3,5,7,9]),([1,2,2,2,3,0],[1,3,2,1,3,0],[0,3,2,2,2,1]),(8,[1,6,8,11]),((194,[0,2,3,4,5,7,9,10]),[4,6,5,4,7,2]))"
"((47,52,73),([0,2,4,5,9],[0,5,7,9,10],[0,5,7,9,11]),([1,2,2,2,3,0],[1,3,2,1,3,0],[1,3,1,2,2,1]),(8,[1,3,6,8]),((194,[0,2,4,5,7,9,10,11]),[4,6,5,4,7,2]))"
"((47,52,69),([0,2,4,5,9],[0,5,7,9,10],[0,3,5,9,10]),([1,2,2,2,3,0],[1,3,2,1,3,0],[1,2,2,1,3,1]),(8,[1,6,8,11]),((194,[0,2,3,4,5,7,9,10]),[4,6,5,4,7,2]))"
"((47,52,72),([0,2,4,5,9],[0,5,7,9,10],[0,2,3,5,9]),([1,2,2,2,3,0],[1,3,2,1,3,0],[1,2,3,1,2,1]),(8,[1,6,8,11]),((194,[0,2,3,4,5,7,9,10]),[4,6,5,4,7,2]))"
"((47,52,72),([0,2,4,5,9],[0,5,7,9,10],[0,2,5,9,11]),([1,2,2,2,3,0],[1,3,2,1,3,0],[1,2,3,1,2,1]),(8,[1,3,6,8]),((194,[0,2,4,5,7,9,10,11]),[4,6,5,4,7,2]))"
"((47,61,69),([0,2,4,5,9],[0,3,5,7,9],[0,3,5,9,10]),([1,2,2,2,3,0],[0,3,2,2,2,1],[1,2,2,1,3,1]),(8,[1,6,8,11]),((194,[0,2,3,4,5,7,9,10]),[4,6,5,4,7,2]))"
"((47,47,61),([0,2,4,5,9],[0,2,5,9,10],[0,3,5,7,9]),([1,2,2,2,3,0],[1,2,2,2,3,0],[0,3,2,2,2,1]),(8,[1,6,8,11]),((194,[0,2,3,4,5,7,9,10]),[4,6,5,4,7,2]))"
"((47,47,73),([0,2,4,5,9],[0,2,5,9,10],[0,5,7,9,11]),([1,2,2,2,3,0],[1,2,2,2,3,0],[1,3,1,2,2,1]),(8,[1,3,6,8]),((194,[0,2,4,5,7,9,10,11]),[4,6,5,4,7,2]))"
"((47,66,73),([0,2,4,5,9],[0,2,5,6,9],[0,5,7,9,11]),([1,2,2,2,3,0],[1,1,3,2,2,1],[1,3,1,2,2,1]),(8,[1,3,8,10]),((194,[0,2,4,5,6,7,9,11]),[4,6,5,4,7,2]))"
"((52,61,72),([0,5,7,9,10],[0,3,5,7,9],[0,2,5,9,11]),([1,3,2,1,3,0],[0,3,2,2,2,1],[1,2,3,1,2,1]),(8,[1,4,6,8]),((195,[0,2,3,5,7,9,10,11]),[4,6,5,5,6,2]))"
"((52,67,72),([0,5,7,9,10],[0,1,5,7,9],[0,2,3,5,9]),([1,3,2,1,3,0],[1,2,1,3,2,1],[1,2,3,1,2,1]),(8,[4,6,8,11]),((195,[0,1,2,3,5,7,9,10]),[4,6,5,5,6,2]))"
"((52,69,72),([0,5,7,9,10],[0,3,5,9,10],[0,2,5,9,11]),([1,3,2,1,3,0],[1,2,2,1,3,1],[1,2,3,1,2,1]),(8,[1,4,6,8]),((195,[0,2,3,5,7,9,10,11]),[4,6,5,5,6,2]))"
"((52,72,73),([0,5,7,9,10],[0,2,3,5,9],[0,5,7,9,11]),([1,3,2,1,3,0],[1,2,3,1,2,1],[1,3,1,2,2,1]),(8,[1,4,6,8]),((195,[0,2,3,5,7,9,10,11]),[4,6,5,5,6,2]))"
"((52,72,72),([0,5,7,9,10],[0,2,3,5,9],[0,2,5,9,11]),([1,3,2,1,3,0],[1,2,3,1,2,1],[1,2,3,1,2,1]),(8,[1,4,6,8]),((195,[0,2,3,5,7,9,10,11]),[4,6,5,5,6,2]))"
"((52,66,67),([0,5,7,9,10],[0,3,5,8,9],[0,1,5,7,9]),([1,3,2,1,3,0],[1,1,3,2,2,1],[1,2,1,3,2,1]),(8,[2,4,6,11]),((195,[0,1,3,5,7,8,9,10]),[4,6,5,5,6,2]))"
"((52,72,72),([0,5,7,9,10],[0,2,5,9,11],[0,2,3,5,9]),([1,3,2,1,3,0],[1,2,3,1,2,1],[1,2,3,1,2,1]),(8,[1,4,6,8]),((195,[0,2,3,5,7,9,10,11]),[4,6,5,5,6,2]))"
"((61,69,72),([0,3,5,7,9],[0,3,5,9,10],[0,2,5,9,11]),([0,3,2,2,2,1],[1,2,2,1,3,1],[1,2,3,1,2,1]),(8,[1,4,6,8]),((195,[0,2,3,5,7,9,10,11]),[4,6,5,5,6,2]))"
"((67,69,72),([0,1,5,7,9],[0,3,5,9,10],[0,2,3,5,9]),([1,2,1,3,2,1],[1,2,2,1,3,1],[1,2,3,1,2,1]),(8,[4,6,8,11]),((195,[0,1,2,3,5,7,9,10]),[4,6,5,5,6,2]))"
"((46,52,66),([0,4,5,7,9],[0,5,7,9,10],[0,2,5,8,9]),([1,2,2,2,3,0],[1,3,2,1,3,0],[1,1,3,2,2,1]),(8,[1,3,6,11]),((195,[0,2,4,5,7,8,9,10]),[4,6,5,5,6,2]))"
"((46,52,66),([0,4,5,7,9],[0,5,7,9,10],[0,2,5,6,9]),([1,2,2,2,3,0],[1,3,2,1,3,0],[1,1,3,2,2,1]),(8,[1,3,8,11]),((195,[0,2,4,5,6,7,9,10]),[4,6,5,5,6,2]))"
"((46,61,72),([0,4,5,7,9],[0,3,5,7,9],[0,2,5,9,11]),([1,2,2,2,3,0],[0,3,2,2,2,1],[1,2,3,1,2,1]),(8,[1,6,8,10]),((195,[0,2,3,4,5,7,9,11]),[4,6,5,5,6,2]))"
"((46,67,72),([0,4,5,7,9],[0,1,5,7,9],[0,2,5,9,11]),([1,2,2,2,3,0],[1,2,1,3,2,1],[1,2,3,1,2,1]),(8,[3,6,8,10]),((195,[0,1,2,4,5,7,9,11]),[4,6,5,5,6,2]))"
"((46,47,66),([0,4,5,7,9],[0,2,5,9,10],[0,2,5,8,9]),([1,2,2,2,3,0],[1,2,2,2,3,0],[1,1,3,2,2,1]),(8,[1,3,6,11]),((195,[0,2,4,5,7,8,9,10]),[4,6,5,5,6,2]))"
"((46,47,66),([0,4,5,7,9],[0,2,5,9,10],[0,2,5,6,9]),([1,2,2,2,3,0],[1,2,2,2,3,0],[1,1,3,2,2,1]),(8,[1,3,8,11]),((195,[0,2,4,5,6,7,9,10]),[4,6,5,5,6,2]))"
"((46,72,73),([0,4,5,7,9],[0,2,3,5,9],[0,5,7,9,11]),([1,2,2,2,3,0],[1,2,3,1,2,1],[1,3,1,2,2,1]),(8,[1,6,8,10]),((195,[0,2,3,4,5,7,9,11]),[4,6,5,5,6,2]))"
"((46,72,72),([0,4,5,7,9],[0,2,3,5,9],[0,2,5,9,11]),([1,2,2,2,3,0],[1,2,3,1,2,1],[1,2,3,1,2,1]),(8,[1,6,8,10]),((195,[0,2,3,4,5,7,9,11]),[4,6,5,5,6,2]))"
"((46,72,72),([0,4,5,7,9],[0,2,5,9,11],[0,2,3,5,9]),([1,2,2,2,3,0],[1,2,3,1,2,1],[1,2,3,1,2,1]),(8,[1,6,8,10]),((195,[0,2,3,4,5,7,9,11]),[4,6,5,5,6,2]))"
"((47,61,67),([0,2,5,9,10],[0,3,5,7,9],[0,1,5,7,9]),([1,2,2,2,3,0],[0,3,2,2,2,1],[1,2,1,3,2,1]),(8,[4,6,8,11]),((195,[0,1,2,3,5,7,9,10]),[4,6,5,5,6,2]))"
"((47,61,73),([0,2,5,9,10],[0,3,5,7,9],[0,5,7,9,11]),([1,2,2,2,3,0],[0,3,2,2,2,1],[1,3,1,2,2,1]),(8,[1,4,6,8]),((195,[0,2,3,5,7,9,10,11]),[4,6,5,5,6,2]))"
"((47,61,72),([0,2,5,9,10],[0,3,5,7,9],[0,2,5,9,11]),([1,2,2,2,3,0],[0,3,2,2,2,1],[1,2,3,1,2,1]),(8,[1,4,6,8]),((195,[0,2,3,5,7,9,10,11]),[4,6,5,5,6,2]))"
"((47,67,69),([0,2,5,9,10],[0,1,5,7,9],[0,3,5,9,10]),([1,2,2,2,3,0],[1,2,1,3,2,1],[1,2,2,1,3,1]),(8,[4,6,8,11]),((195,[0,1,2,3,5,7,9,10]),[4,6,5,5,6,2]))"
"((47,67,72),([0,2,5,9,10],[0,1,5,7,9],[0,2,3,5,9]),([1,2,2,2,3,0],[1,2,1,3,2,1],[1,2,3,1,2,1]),(8,[4,6,8,11]),((195,[0,1,2,3,5,7,9,10]),[4,6,5,5,6,2]))"
"((47,69,73),([0,2,5,9,10],[0,3,5,9,10],[0,5,7,9,11]),([1,2,2,2,3,0],[1,2,2,1,3,1],[1,3,1,2,2,1]),(8,[1,4,6,8]),((195,[0,2,3,5,7,9,10,11]),[4,6,5,5,6,2]))"
"((47,72,73),([0,2,5,9,10],[0,2,3,5,9],[0,5,7,9,11]),([1,2,2,2,3,0],[1,2,3,1,2,1],[1,3,1,2,2,1]),(8,[1,4,6,8]),((195,[0,2,3,5,7,9,10,11]),[4,6,5,5,6,2]))"
"((37,67,69),([0,2,5,7,9],[0,1,5,7,9],[0,3,5,9,10]),([0,3,2,1,4,0],[1,2,1,3,2,1],[1,2,2,1,3,1]),(8,[4,6,8,11]),((195,[0,1,2,3,5,7,9,10]),[4,6,5,5,6,2]))"
"((37,69,73),([0,2,5,7,9],[0,3,5,9,10],[0,5,7,9,11]),([0,3,2,1,4,0],[1,2,2,1,3,1],[1,3,1,2,2,1]),(8,[1,4,6,8]),((195,[0,2,3,5,7,9,10,11]),[4,6,5,5,6,2]))"
"((37,69,72),([0,2,5,7,9],[0,3,5,9,10],[0,2,5,9,11]),([0,3,2,1,4,0],[1,2,2,1,3,1],[1,2,3,1,2,1]),(8,[1,4,6,8]),((195,[0,2,3,5,7,9,10,11]),[4,6,5,5,6,2]))"
"((69,72,73),([0,3,5,9,10],[0,2,3,5,9],[0,5,7,9,11]),([1,2,2,1,3,1],[1,2,3,1,2,1],[1,3,1,2,2,1]),(8,[1,4,6,8]),((195,[0,2,3,5,7,9,10,11]),[4,6,5,5,6,2]))"
"((69,72,73),([0,3,5,9,10],[0,2,5,9,11],[0,5,7,9,11]),([1,2,2,1,3,1],[1,2,3,1,2,1],[1,3,1,2,2,1]),(8,[1,4,6,8]),((195,[0,2,3,5,7,9,10,11]),[4,6,5,5,6,2]))"
"((66,67,69),([0,3,5,8,9],[0,1,5,7,9],[0,3,5,9,10]),([1,1,3,2,2,1],[1,2,1,3,2,1],[1,2,2,1,3,1]),(8,[2,4,6,11]),((195,[0,1,3,5,7,8,9,10]),[4,6,5,5,6,2]))"
"((47,52,66),([0,2,4,5,9],[0,5,7,9,10],[0,2,5,8,9]),([1,2,2,2,3,0],[1,3,2,1,3,0],[1,1,3,2,2,1]),(8,[1,3,6,11]),((195,[0,2,4,5,7,8,9,10]),[4,6,5,5,6,2]))"
"((47,52,66),([0,2,4,5,9],[0,5,7,9,10],[0,2,5,6,9]),([1,2,2,2,3,0],[1,3,2,1,3,0],[1,1,3,2,2,1]),(8,[1,3,8,11]),((195,[0,2,4,5,6,7,9,10]),[4,6,5,5,6,2]))"
"((47,61,73),([0,2,4,5,9],[0,3,5,7,9],[0,5,7,9,11]),([1,2,2,2,3,0],[0,3,2,2,2,1],[1,3,1,2,2,1]),(8,[1,6,8,10]),((195,[0,2,3,4,5,7,9,11]),[4,6,5,5,6,2]))"
"((47,61,72),([0,2,4,5,9],[0,3,5,7,9],[0,2,5,9,11]),([1,2,2,2,3,0],[0,3,2,2,2,1],[1,2,3,1,2,1]),(8,[1,6,8,10]),((195,[0,2,3,4,5,7,9,11]),[4,6,5,5,6,2]))"
"((47,67,73),([0,2,4,5,9],[0,1,5,7,9],[0,5,7,9,11]),([1,2,2,2,3,0],[1,2,1,3,2,1],[1,3,1,2,2,1]),(8,[3,6,8,10]),((195,[0,1,2,4,5,7,9,11]),[4,6,5,5,6,2]))"
"((47,67,72),([0,2,4,5,9],[0,1,5,7,9],[0,2,5,9,11]),([1,2,2,2,3,0],[1,2,1,3,2,1],[1,2,3,1,2,1]),(8,[3,6,8,10]),((195,[0,1,2,4,5,7,9,11]),[4,6,5,5,6,2]))"
"((47,72,73),([0,2,4,5,9],[0,2,3,5,9],[0,5,7,9,11]),([1,2,2,2,3,0],[1,2,3,1,2,1],[1,3,1,2,2,1]),(8,[1,6,8,10]),((195,[0,2,3,4,5,7,9,11]),[4,6,5,5,6,2]))"
"((52,66,67),([0,5,7,9,10],[0,2,5,6,9],[0,1,5,7,9]),([1,3,2,1,3,0],[1,1,3,2,2,1],[1,2,1,3,2,1]),(8,[3,4,8,11]),((197,[0,1,2,5,6,7,9,10]),[5,4,5,6,6,2]))"
"((46,66,67),([0,4,5,7,9],[0,2,5,8,9],[0,1,5,7,9]),([1,2,2,2,3,0],[1,1,3,2,2,1],[1,2,1,3,2,1]),(8,[3,6,10,11]),((197,[0,1,2,4,5,7,8,9]),[5,4,5,6,6,2]))"
"((47,66,67),([0,2,5,9,10],[0,2,5,6,9],[0,1,5,7,9]),([1,2,2,2,3,0],[1,1,3,2,2,1],[1,2,1,3,2,1]),(8,[3,4,8,11]),((197,[0,1,2,5,6,7,9,10]),[5,4,5,6,6,2]))"
"((47,66,67),([0,2,4,5,9],[0,2,5,8,9],[0,1,5,7,9]),([1,2,2,2,3,0],[1,1,3,2,2,1],[1,2,1,3,2,1]),(8,[3,6,10,11]),((197,[0,1,2,4,5,7,8,9]),[5,4,5,6,6,2]))"
"((46,66,67),([0,4,5,7,9],[0,3,5,8,9],[0,1,5,7,9]),([1,2,2,2,3,0],[1,1,3,2,2,1],[1,2,1,3,2,1]),(8,[2,6,10,11]),((198,[0,1,3,4,5,7,8,9]),[5,4,5,7,5,2]))"
"((46,66,73),([0,4,5,7,9],[0,3,5,8,9],[0,5,7,9,11]),([1,2,2,2,3,0],[1,1,3,2,2,1],[1,3,1,2,2,1]),(8,[1,2,6,10]),((198,[0,3,4,5,7,8,9,11]),[5,4,5,7,5,2]))"
"((52,66,67),([0,5,7,9,10],[0,2,5,8,9],[0,1,5,7,9]),([1,3,2,1,3,0],[1,1,3,2,2,1],[1,2,1,3,2,1]),(8,[3,4,6,11]),((203,[0,1,2,5,7,8,9,10]),[5,5,5,5,6,2]))"
"((52,66,73),([0,5,7,9,10],[0,2,5,6,9],[0,5,7,9,11]),([1,3,2,1,3,0],[1,1,3,2,2,1],[1,3,1,2,2,1]),(8,[1,3,4,8]),((203,[0,2,5,6,7,9,10,11]),[5,5,5,5,6,2]))"
"((52,66,72),([0,5,7,9,10],[0,2,5,6,9],[0,2,5,9,11]),([1,3,2,1,3,0],[1,1,3,2,2,1],[1,2,3,1,2,1]),(8,[1,3,4,8]),((203,[0,2,5,6,7,9,10,11]),[5,5,5,5,6,2]))"
"((46,52,66),([0,4,5,7,9],[0,5,7,9,10],[0,3,5,8,9]),([1,2,2,2,3,0],[1,3,2,1,3,0],[1,1,3,2,2,1]),(8,[1,2,6,11]),((203,[0,3,4,5,7,8,9,10]),[5,5,5,5,6,2]))"
"((46,61,66),([0,4,5,7,9],[0,3,5,7,9],[0,2,5,8,9]),([1,2,2,2,3,0],[0,3,2,2,2,1],[1,1,3,2,2,1]),(8,[1,6,10,11]),((203,[0,2,3,4,5,7,8,9]),[5,5,5,5,6,2]))"
"((46,66,72),([0,4,5,7,9],[0,2,5,8,9],[0,2,3,5,9]),([1,2,2,2,3,0],[1,1,3,2,2,1],[1,2,3,1,2,1]),(8,[1,6,10,11]),((203,[0,2,3,4,5,7,8,9]),[5,5,5,5,6,2]))"
"((46,66,66),([0,4,5,7,9],[0,2,5,8,9],[0,3,5,8,9]),([1,2,2,2,3,0],[1,1,3,2,2,1],[1,1,3,2,2,1]),(8,[1,6,10,11]),((203,[0,2,3,4,5,7,8,9]),[5,5,5,5,6,2]))"
"((46,66,69),([0,4,5,7,9],[0,3,5,8,9],[0,3,5,9,10]),([1,2,2,2,3,0],[1,1,3,2,2,1],[1,2,2,1,3,1]),(8,[1,2,6,11]),((203,[0,3,4,5,7,8,9,10]),[5,5,5,5,6,2]))"
"((46,66,72),([0,4,5,7,9],[0,3,5,8,9],[0,2,3,5,9]),([1,2,2,2,3,0],[1,1,3,2,2,1],[1,2,3,1,2,1]),(8,[1,6,10,11]),((203,[0,2,3,4,5,7,8,9]),[5,5,5,5,6,2]))"
"((46,66,66),([0,4,5,7,9],[0,3,5,8,9],[0,2,5,8,9]),([1,2,2,2,3,0],[1,1,3,2,2,1],[1,1,3,2,2,1]),(8,[1,6,10,11]),((203,[0,2,3,4,5,7,8,9]),[5,5,5,5,6,2]))"
"((46,66,67),([0,4,5,7,9],[0,2,5,6,9],[0,1,5,7,9]),([1,2,2,2,3,0],[1,1,3,2,2,1],[1,2,1,3,2,1]),(8,[3,8,10,11]),((203,[0,1,2,4,5,6,7,9]),[5,5,5,5,6,2]))"
"((46,47,66),([0,4,5,7,9],[0,2,4,5,9],[0,3,5,8,9]),([1,2,2,2,3,0],[1,2,2,2,3,0],[1,1,3,2,2,1]),(8,[1,6,10,11]),((203,[0,2,3,4,5,7,8,9]),[5,5,5,5,6,2]))"
"((47,66,67),([0,2,5,9,10],[0,2,5,8,9],[0,1,5,7,9]),([1,2,2,2,3,0],[1,1,3,2,2,1],[1,2,1,3,2,1]),(8,[3,4,6,11]),((203,[0,1,2,5,7,8,9,10]),[5,5,5,5,6,2]))"
"((47,66,73),([0,2,5,9,10],[0,2,5,6,9],[0,5,7,9,11]),([1,2,2,2,3,0],[1,1,3,2,2,1],[1,3,1,2,2,1]),(8,[1,3,4,8]),((203,[0,2,5,6,7,9,10,11]),[5,5,5,5,6,2]))"
"((37,46,66),([0,2,5,7,9],[0,4,5,7,9],[0,3,5,8,9]),([0,3,2,1,4,0],[1,2,2,2,3,0],[1,1,3,2,2,1]),(8,[1,6,10,11]),((203,[0,2,3,4,5,7,8,9]),[5,5,5,5,6,2]))"
"((37,47,66),([0,2,5,7,9],[0,2,4,5,9],[0,3,5,8,9]),([0,3,2,1,4,0],[1,2,2,2,3,0],[1,1,3,2,2,1]),(8,[1,6,10,11]),((203,[0,2,3,4,5,7,8,9]),[5,5,5,5,6,2]))"
"((47,61,66),([0,2,4,5,9],[0,3,5,7,9],[0,2,5,8,9]),([1,2,2,2,3,0],[0,3,2,2,2,1],[1,1,3,2,2,1]),(8,[1,6,10,11]),((203,[0,2,3,4,5,7,8,9]),[5,5,5,5,6,2]))"
"((47,61,66),([0,2,4,5,9],[0,3,5,7,9],[0,3,5,8,9]),([1,2,2,2,3,0],[0,3,2,2,2,1],[1,1,3,2,2,1]),(8,[1,6,10,11]),((203,[0,2,3,4,5,7,8,9]),[5,5,5,5,6,2]))"
"((47,66,67),([0,2,4,5,9],[0,2,5,6,9],[0,1,5,7,9]),([1,2,2,2,3,0],[1,1,3,2,2,1],[1,2,1,3,2,1]),(8,[3,8,10,11]),((203,[0,1,2,4,5,6,7,9]),[5,5,5,5,6,2]))"
"((52,67,72),([0,5,7,9,10],[0,1,5,7,9],[0,2,5,9,11]),([1,3,2,1,3,0],[1,2,1,3,2,1],[1,2,3,1,2,1]),(8,[3,4,6,8]),((210,[0,1,2,5,7,9,10,11]),[5,6,5,5,5,2]))"
"((52,66,66),([0,5,7,9,10],[0,2,5,8,9],[0,2,5,6,9]),([1,3,2,1,3,0],[1,1,3,2,2,1],[1,1,3,2,2,1]),(8,[1,3,4,11]),((210,[0,2,5,6,7,8,9,10]),[5,6,5,5,5,2]))"
"((52,66,73),([0,5,7,9,10],[0,3,5,8,9],[0,5,7,9,11]),([1,3,2,1,3,0],[1,1,3,2,2,1],[1,3,1,2,2,1]),(8,[1,2,4,6]),((210,[0,3,5,7,8,9,10,11]),[5,6,5,5,5,2]))"
"((52,66,66),([0,5,7,9,10],[0,2,5,6,9],[0,2,5,8,9]),([1,3,2,1,3,0],[1,1,3,2,2,1],[1,1,3,2,2,1]),(8,[1,3,4,11]),((210,[0,2,5,6,7,8,9,10]),[5,6,5,5,5,2]))"
"((46,67,72),([0,4,5,7,9],[0,1,5,7,9],[0,2,3,5,9]),([1,2,2,2,3,0],[1,2,1,3,2,1],[1,2,3,1,2,1]),(8,[6,8,10,11]),((210,[0,1,2,3,4,5,7,9]),[5,6,5,5,5,2]))"
"((46,66,66),([0,4,5,7,9],[0,2,5,8,9],[0,2,5,6,9]),([1,2,2,2,3,0],[1,1,3,2,2,1],[1,1,3,2,2,1]),(8,[1,3,10,11]),((210,[0,2,4,5,6,7,8,9]),[5,6,5,5,5,2]))"
"((46,66,66),([0,4,5,7,9],[0,2,5,6,9],[0,2,5,8,9]),([1,2,2,2,3,0],[1,1,3,2,2,1],[1,1,3,2,2,1]),(8,[1,3,10,11]),((210,[0,2,4,5,6,7,8,9]),[5,6,5,5,5,2]))"
"((47,67,73),([0,2,5,9,10],[0,1,5,7,9],[0,5,7,9,11]),([1,2,2,2,3,0],[1,2,1,3,2,1],[1,3,1,2,2,1]),(8,[3,4,6,8]),((210,[0,1,2,5,7,9,10,11]),[5,6,5,5,5,2]))"
"((47,67,72),([0,2,5,9,10],[0,1,5,7,9],[0,2,5,9,11]),([1,2,2,2,3,0],[1,2,1,3,2,1],[1,2,3,1,2,1]),(8,[3,4,6,8]),((210,[0,1,2,5,7,9,10,11]),[5,6,5,5,5,2]))"
"((66,69,73),([0,3,5,8,9],[0,3,5,9,10],[0,5,7,9,11]),([1,1,3,2,2,1],[1,2,2,1,3,1],[1,3,1,2,2,1]),(8,[1,2,4,6]),((210,[0,3,5,7,8,9,10,11]),[5,6,5,5,5,2]))"
"((47,61,67),([0,2,4,5,9],[0,3,5,7,9],[0,1,5,7,9]),([1,2,2,2,3,0],[0,3,2,2,2,1],[1,2,1,3,2,1]),(8,[6,8,10,11]),((210,[0,1,2,3,4,5,7,9]),[5,6,5,5,5,2]))"
"((47,67,72),([0,2,4,5,9],[0,1,5,7,9],[0,2,3,5,9]),([1,2,2,2,3,0],[1,2,1,3,2,1],[1,2,3,1,2,1]),(8,[6,8,10,11]),((210,[0,1,2,3,4,5,7,9]),[5,6,5,5,5,2]))"
"((52,66,73),([0,5,7,9,10],[0,2,5,8,9],[0,5,7,9,11]),([1,3,2,1,3,0],[1,1,3,2,2,1],[1,3,1,2,2,1]),(8,[1,3,4,6]),((212,[0,2,5,7,8,9,10,11]),[5,6,6,4,5,2]))"
"((52,66,72),([0,5,7,9,10],[0,2,5,8,9],[0,2,5,9,11]),([1,3,2,1,3,0],[1,1,3,2,2,1],[1,2,3,1,2,1]),(8,[1,3,4,6]),((212,[0,2,5,7,8,9,10,11]),[5,6,6,4,5,2]))"
"((46,61,66),([0,4,5,7,9],[0,3,5,7,9],[0,2,5,6,9]),([1,2,2,2,3,0],[0,3,2,2,2,1],[1,1,3,2,2,1]),(8,[1,8,10,11]),((212,[0,2,3,4,5,6,7,9]),[5,6,6,4,5,2]))"
"((46,66,72),([0,4,5,7,9],[0,2,5,6,9],[0,2,3,5,9]),([1,2,2,2,3,0],[1,1,3,2,2,1],[1,2,3,1,2,1]),(8,[1,8,10,11]),((212,[0,2,3,4,5,6,7,9]),[5,6,6,4,5,2]))"
"((47,66,73),([0,2,5,9,10],[0,2,5,8,9],[0,5,7,9,11]),([1,2,2,2,3,0],[1,1,3,2,2,1],[1,3,1,2,2,1]),(8,[1,3,4,6]),((212,[0,2,5,7,8,9,10,11]),[5,6,6,4,5,2]))"
"((47,61,66),([0,2,4,5,9],[0,3,5,7,9],[0,2,5,6,9]),([1,2,2,2,3,0],[0,3,2,2,2,1],[1,1,3,2,2,1]),(8,[1,8,10,11]),((212,[0,2,3,4,5,6,7,9]),[5,6,6,4,5,2]))"
"((61,66,73),([0,3,5,7,9],[0,2,5,8,9],[0,5,7,9,11]),([0,3,2,2,2,1],[1,1,3,2,2,1],[1,3,1,2,2,1]),(8,[1,4,6,10]),((214,[0,2,3,5,7,8,9,11]),[4,5,6,5,5,3]))"
"((61,66,72),([0,3,5,7,9],[0,2,5,8,9],[0,2,5,9,11]),([0,3,2,2,2,1],[1,1,3,2,2,1],[1,2,3,1,2,1]),(8,[1,4,6,10]),((214,[0,2,3,5,7,8,9,11]),[4,5,6,5,5,3]))"
"((61,66,72),([0,3,5,7,9],[0,3,5,8,9],[0,2,5,9,11]),([0,3,2,2,2,1],[1,1,3,2,2,1],[1,2,3,1,2,1]),(8,[1,4,6,10]),((214,[0,2,3,5,7,8,9,11]),[4,5,6,5,5,3]))"
"((61,66,73),([0,3,5,7,9],[0,2,5,6,9],[0,5,7,9,11]),([0,3,2,2,2,1],[1,1,3,2,2,1],[1,3,1,2,2,1]),(8,[1,4,8,10]),((214,[0,2,3,5,6,7,9,11]),[4,5,6,5,5,3]))"
"((61,66,72),([0,3,5,7,9],[0,2,5,6,9],[0,2,5,9,11]),([0,3,2,2,2,1],[1,1,3,2,2,1],[1,2,3,1,2,1]),(8,[1,4,8,10]),((214,[0,2,3,5,6,7,9,11]),[4,5,6,5,5,3]))"
"((46,67,69),([0,4,5,7,9],[0,1,5,7,9],[0,3,5,9,10]),([1,2,2,2,3,0],[1,2,1,3,2,1],[1,2,2,1,3,1]),(8,[2,6,8,11]),((214,[0,1,3,4,5,7,9,10]),[4,5,6,5,5,3]))"
"((37,66,73),([0,2,5,7,9],[0,3,5,8,9],[0,5,7,9,11]),([0,3,2,1,4,0],[1,1,3,2,2,1],[1,3,1,2,2,1]),(8,[1,4,6,10]),((214,[0,2,3,5,7,8,9,11]),[4,5,6,5,5,3]))"
"((37,66,72),([0,2,5,7,9],[0,3,5,8,9],[0,2,5,9,11]),([0,3,2,1,4,0],[1,1,3,2,2,1],[1,2,3,1,2,1]),(8,[1,4,6,10]),((214,[0,2,3,5,7,8,9,11]),[4,5,6,5,5,3]))"
"((66,72,73),([0,2,5,8,9],[0,2,3,5,9],[0,5,7,9,11]),([1,1,3,2,2,1],[1,2,3,1,2,1],[1,3,1,2,2,1]),(8,[1,4,6,10]),((214,[0,2,3,5,7,8,9,11]),[4,5,6,5,5,3]))"
"((66,66,73),([0,2,5,8,9],[0,3,5,8,9],[0,5,7,9,11]),([1,1,3,2,2,1],[1,1,3,2,2,1],[1,3,1,2,2,1]),(8,[1,4,6,10]),((214,[0,2,3,5,7,8,9,11]),[4,5,6,5,5,3]))"
"((66,72,73),([0,3,5,8,9],[0,2,3,5,9],[0,5,7,9,11]),([1,1,3,2,2,1],[1,2,3,1,2,1],[1,3,1,2,2,1]),(8,[1,4,6,10]),((214,[0,2,3,5,7,8,9,11]),[4,5,6,5,5,3]))"
"((66,66,73),([0,3,5,8,9],[0,2,5,8,9],[0,5,7,9,11]),([1,1,3,2,2,1],[1,1,3,2,2,1],[1,3,1,2,2,1]),(8,[1,4,6,10]),((214,[0,2,3,5,7,8,9,11]),[4,5,6,5,5,3]))"
"((66,72,73),([0,3,5,8,9],[0,2,5,9,11],[0,5,7,9,11]),([1,1,3,2,2,1],[1,2,3,1,2,1],[1,3,1,2,2,1]),(8,[1,4,6,10]),((214,[0,2,3,5,7,8,9,11]),[4,5,6,5,5,3]))"
"((66,72,73),([0,2,5,6,9],[0,2,3,5,9],[0,5,7,9,11]),([1,1,3,2,2,1],[1,2,3,1,2,1],[1,3,1,2,2,1]),(8,[1,4,8,10]),((214,[0,2,3,5,6,7,9,11]),[4,5,6,5,5,3]))"
"((47,66,66),([0,2,5,9,10],[0,3,5,8,9],[0,2,5,6,9]),([1,2,2,2,3,0],[1,1,3,2,2,1],[1,1,3,2,2,1]),(8,[1,4,7,11]),((215,[0,2,3,5,6,8,9,10]),[4,5,6,5,5,3]))"
"((47,66,66),([0,2,5,9,10],[0,2,5,6,9],[0,3,5,8,9]),([1,2,2,2,3,0],[1,1,3,2,2,1],[1,1,3,2,2,1]),(8,[1,4,7,11]),((215,[0,2,3,5,6,8,9,10]),[4,5,6,5,5,3]))"
"((66,66,69),([0,2,5,8,9],[0,2,5,6,9],[0,3,5,9,10]),([1,1,3,2,2,1],[1,1,3,2,2,1],[1,2,2,1,3,1]),(8,[1,4,7,11]),((215,[0,2,3,5,6,8,9,10]),[4,5,6,5,5,3]))"
"((66,66,69),([0,3,5,8,9],[0,2,5,6,9],[0,3,5,9,10]),([1,1,3,2,2,1],[1,1,3,2,2,1],[1,2,2,1,3,1]),(8,[1,4,7,11]),((215,[0,2,3,5,6,8,9,10]),[4,5,6,5,5,3]))"
"((66,66,69),([0,2,5,6,9],[0,2,5,8,9],[0,3,5,9,10]),([1,1,3,2,2,1],[1,1,3,2,2,1],[1,2,2,1,3,1]),(8,[1,4,7,11]),((215,[0,2,3,5,6,8,9,10]),[4,5,6,5,5,3]))"
"((66,66,69),([0,2,5,6,9],[0,3,5,8,9],[0,3,5,9,10]),([1,1,3,2,2,1],[1,1,3,2,2,1],[1,2,2,1,3,1]),(8,[1,4,7,11]),((215,[0,2,3,5,6,8,9,10]),[4,5,6,5,5,3]))"
"((66,67,73),([0,3,5,8,9],[0,1,5,7,9],[0,5,7,9,11]),([1,1,3,2,2,1],[1,2,1,3,2,1],[1,3,1,2,2,1]),(8,[2,4,6,10]),((217,[0,1,3,5,7,8,9,11]),[4,6,4,7,4,3]))"
"((61,67,72),([0,3,5,7,9],[0,1,5,7,9],[0,2,5,9,11]),([0,3,2,2,2,1],[1,2,1,3,2,1],[1,2,3,1,2,1]),(8,[4,6,8,10]),((223,[0,1,2,3,5,7,9,11]),[4,7,4,6,4,3]))"
"((61,66,67),([0,3,5,7,9],[0,2,5,8,9],[0,1,5,7,9]),([0,3,2,2,2,1],[1,1,3,2,2,1],[1,2,1,3,2,1]),(8,[4,6,10,11]),((223,[0,1,2,3,5,7,8,9]),[5,5,4,5,6,3]))"
"((67,69,73),([0,1,5,7,9],[0,3,5,9,10],[0,5,7,9,11]),([1,2,1,3,2,1],[1,2,2,1,3,1],[1,3,1,2,2,1]),(8,[2,4,6,8]),((223,[0,1,3,5,7,9,10,11]),[4,7,4,6,4,3]))"
"((67,72,73),([0,1,5,7,9],[0,2,3,5,9],[0,5,7,9,11]),([1,2,1,3,2,1],[1,2,3,1,2,1],[1,3,1,2,2,1]),(8,[4,6,8,10]),((223,[0,1,2,3,5,7,9,11]),[4,7,4,6,4,3]))"
"((67,72,72),([0,1,5,7,9],[0,2,3,5,9],[0,2,5,9,11]),([1,2,1,3,2,1],[1,2,3,1,2,1],[1,2,3,1,2,1]),(8,[4,6,8,10]),((223,[0,1,2,3,5,7,9,11]),[4,7,4,6,4,3]))"
"((67,72,72),([0,1,5,7,9],[0,2,5,9,11],[0,2,3,5,9]),([1,2,1,3,2,1],[1,2,3,1,2,1],[1,2,3,1,2,1]),(8,[4,6,8,10]),((223,[0,1,2,3,5,7,9,11]),[4,7,4,6,4,3]))"
"((46,69,73),([0,4,5,7,9],[0,3,5,9,10],[0,5,7,9,11]),([1,2,2,2,3,0],[1,2,2,1,3,1],[1,3,1,2,2,1]),(8,[1,2,6,8]),((223,[0,3,4,5,7,9,10,11]),[5,5,4,5,6,3]))"
"((37,66,67),([0,2,5,7,9],[0,3,5,8,9],[0,1,5,7,9]),([0,3,2,1,4,0],[1,1,3,2,2,1],[1,2,1,3,2,1]),(8,[4,6,10,11]),((223,[0,1,2,3,5,7,8,9]),[5,5,4,5,6,3]))"
"((66,67,72),([0,2,5,8,9],[0,1,5,7,9],[0,2,3,5,9]),([1,1,3,2,2,1],[1,2,1,3,2,1],[1,2,3,1,2,1]),(8,[4,6,10,11]),((223,[0,1,2,3,5,7,8,9]),[5,5,4,5,6,3]))"
"((66,66,67),([0,2,5,8,9],[0,3,5,8,9],[0,1,5,7,9]),([1,1,3,2,2,1],[1,1,3,2,2,1],[1,2,1,3,2,1]),(8,[4,6,10,11]),((223,[0,1,2,3,5,7,8,9]),[5,5,4,5,6,3]))"
"((66,67,72),([0,3,5,8,9],[0,1,5,7,9],[0,2,3,5,9]),([1,1,3,2,2,1],[1,2,1,3,2,1],[1,2,3,1,2,1]),(8,[4,6,10,11]),((223,[0,1,2,3,5,7,8,9]),[5,5,4,5,6,3]))"
"((66,66,67),([0,3,5,8,9],[0,2,5,8,9],[0,1,5,7,9]),([1,1,3,2,2,1],[1,1,3,2,2,1],[1,2,1,3,2,1]),(8,[4,6,10,11]),((223,[0,1,2,3,5,7,8,9]),[5,5,4,5,6,3]))"
"((66,67,73),([0,2,5,6,9],[0,1,5,7,9],[0,5,7,9,11]),([1,1,3,2,2,1],[1,2,1,3,2,1],[1,3,1,2,2,1]),(8,[3,4,8,10]),((223,[0,1,2,5,6,7,9,11]),[5,5,4,5,6,3]))"
"((66,67,72),([0,2,5,6,9],[0,1,5,7,9],[0,2,5,9,11]),([1,1,3,2,2,1],[1,2,1,3,2,1],[1,2,3,1,2,1]),(8,[3,4,8,10]),((223,[0,1,2,5,6,7,9,11]),[5,5,4,5,6,3]))"
"((66,69,72),([0,2,5,6,9],[0,3,5,9,10],[0,2,5,9,11]),([1,1,3,2,2,1],[1,2,2,1,3,1],[1,2,3,1,2,1]),(8,[1,4,7,8]),((223,[0,2,3,5,6,9,10,11]),[5,4,6,5,5,3]))"
"((47,66,72),([0,2,4,5,9],[0,3,5,8,9],[0,2,5,9,11]),([1,2,2,2,3,0],[1,1,3,2,2,1],[1,2,3,1,2,1]),(8,[1,6,7,10]),((223,[0,2,3,4,5,8,9,11]),[5,4,6,5,5,3]))"
"((47,47,66),([0,2,5,9,10],[0,2,4,5,9],[0,3,5,8,9]),([1,2,2,2,3,0],[1,2,2,2,3,0],[1,1,3,2,2,1]),(8,[1,6,7,11]),((224,[0,2,3,4,5,8,9,10]),[5,5,4,5,6,3]))"
"((47,47,66),([0,2,4,5,9],[0,2,5,9,10],[0,3,5,8,9]),([1,2,2,2,3,0],[1,2,2,2,3,0],[1,1,3,2,2,1]),(8,[1,6,7,11]),((224,[0,2,3,4,5,8,9,10]),[5,5,4,5,6,3]))"
"((47,66,69),([0,2,4,5,9],[0,2,5,8,9],[0,3,5,9,10]),([1,2,2,2,3,0],[1,1,3,2,2,1],[1,2,2,1,3,1]),(8,[1,6,7,11]),((224,[0,2,3,4,5,8,9,10]),[5,5,4,5,6,3]))"
"((47,66,69),([0,2,4,5,9],[0,3,5,8,9],[0,3,5,9,10]),([1,2,2,2,3,0],[1,1,3,2,2,1],[1,2,2,1,3,1]),(8,[1,6,7,11]),((224,[0,2,3,4,5,8,9,10]),[5,5,4,5,6,3]))"
"((61,66,67),([0,3,5,7,9],[0,2,5,6,9],[0,1,5,7,9]),([0,3,2,2,2,1],[1,1,3,2,2,1],[1,2,1,3,2,1]),(8,[4,8,10,11]),((226,[0,1,2,3,5,6,7,9]),[5,5,5,5,5,3]))"
"((66,67,73),([0,2,5,8,9],[0,1,5,7,9],[0,5,7,9,11]),([1,1,3,2,2,1],[1,2,1,3,2,1],[1,3,1,2,2,1]),(8,[3,4,6,10]),((226,[0,1,2,5,7,8,9,11]),[5,5,5,5,5,3]))"
"((66,67,72),([0,2,5,8,9],[0,1,5,7,9],[0,2,5,9,11]),([1,1,3,2,2,1],[1,2,1,3,2,1],[1,2,3,1,2,1]),(8,[3,4,6,10]),((226,[0,1,2,5,7,8,9,11]),[5,5,5,5,5,3]))"
"((66,67,72),([0,2,5,6,9],[0,1,5,7,9],[0,2,3,5,9]),([1,1,3,2,2,1],[1,2,1,3,2,1],[1,2,3,1,2,1]),(8,[4,8,10,11]),((226,[0,1,2,3,5,6,7,9]),[5,5,5,5,5,3]))"
"((47,66,69),([0,2,4,5,9],[0,2,5,6,9],[0,3,5,9,10]),([1,2,2,2,3,0],[1,1,3,2,2,1],[1,2,2,1,3,1]),(8,[1,7,8,11]),((227,[0,2,3,4,5,6,9,10]),[5,5,5,5,5,3]))"
"((61,66,66),([0,3,5,7,9],[0,2,5,8,9],[0,2,5,6,9]),([0,3,2,2,2,1],[1,1,3,2,2,1],[1,1,3,2,2,1]),(8,[1,4,10,11]),((228,[0,2,3,5,6,7,8,9]),[5,5,6,4,5,3]))"
"((61,66,66),([0,3,5,7,9],[0,3,5,8,9],[0,2,5,6,9]),([0,3,2,2,2,1],[1,1,3,2,2,1],[1,1,3,2,2,1]),(8,[1,4,10,11]),((228,[0,2,3,5,6,7,8,9]),[5,5,6,4,5,3]))"
"((61,66,66),([0,3,5,7,9],[0,2,5,6,9],[0,2,5,8,9]),([0,3,2,2,2,1],[1,1,3,2,2,1],[1,1,3,2,2,1]),(8,[1,4,10,11]),((228,[0,2,3,5,6,7,8,9]),[5,5,6,4,5,3]))"
"((61,66,66),([0,3,5,7,9],[0,2,5,6,9],[0,3,5,8,9]),([0,3,2,2,2,1],[1,1,3,2,2,1],[1,1,3,2,2,1]),(8,[1,4,10,11]),((228,[0,2,3,5,6,7,8,9]),[5,5,6,4,5,3]))"
"((37,66,66),([0,2,5,7,9],[0,3,5,8,9],[0,2,5,6,9]),([0,3,2,1,4,0],[1,1,3,2,2,1],[1,1,3,2,2,1]),(8,[1,4,10,11]),((228,[0,2,3,5,6,7,8,9]),[5,5,6,4,5,3]))"
"((37,66,66),([0,2,5,7,9],[0,2,5,6,9],[0,3,5,8,9]),([0,3,2,1,4,0],[1,1,3,2,2,1],[1,1,3,2,2,1]),(8,[1,4,10,11]),((228,[0,2,3,5,6,7,8,9]),[5,5,6,4,5,3]))"
"((66,66,73),([0,2,5,8,9],[0,2,5,6,9],[0,5,7,9,11]),([1,1,3,2,2,1],[1,1,3,2,2,1],[1,3,1,2,2,1]),(8,[1,3,4,10]),((228,[0,2,5,6,7,8,9,11]),[5,5,6,4,5,3]))"
"((66,66,73),([0,2,5,6,9],[0,2,5,8,9],[0,5,7,9,11]),([1,1,3,2,2,1],[1,1,3,2,2,1],[1,3,1,2,2,1]),(8,[1,3,4,10]),((228,[0,2,5,6,7,8,9,11]),[5,5,6,4,5,3]))"
"((47,66,72),([0,2,5,9,10],[0,3,5,8,9],[0,2,5,9,11]),([1,2,2,2,3,0],[1,1,3,2,2,1],[1,2,3,1,2,1]),(8,[1,4,6,7]),((229,[0,2,3,5,8,9,10,11]),[5,5,6,4,5,3]))"
"((66,69,72),([0,2,5,8,9],[0,3,5,9,10],[0,2,5,9,11]),([1,1,3,2,2,1],[1,2,2,1,3,1],[1,2,3,1,2,1]),(8,[1,4,6,7]),((229,[0,2,3,5,8,9,10,11]),[5,5,6,4,5,3]))"
"((66,69,72),([0,3,5,8,9],[0,3,5,9,10],[0,2,5,9,11]),([1,1,3,2,2,1],[1,2,2,1,3,1],[1,2,3,1,2,1]),(8,[1,4,6,7]),((229,[0,2,3,5,8,9,10,11]),[5,5,6,4,5,3]))"
"((47,66,66),([0,2,4,5,9],[0,3,5,8,9],[0,2,5,6,9]),([1,2,2,2,3,0],[1,1,3,2,2,1],[1,1,3,2,2,1]),(8,[1,7,10,11]),((230,[0,2,3,4,5,6,8,9]),[5,5,6,5,4,3]))"
"((47,66,66),([0,2,4,5,9],[0,2,5,6,9],[0,3,5,8,9]),([1,2,2,2,3,0],[1,1,3,2,2,1],[1,1,3,2,2,1]),(8,[1,7,10,11]),((230,[0,2,3,4,5,6,8,9]),[5,5,6,5,4,3]))"
"((66,66,67),([0,2,5,8,9],[0,2,5,6,9],[0,1,5,7,9]),([1,1,3,2,2,1],[1,1,3,2,2,1],[1,2,1,3,2,1]),(8,[3,4,10,11]),((231,[0,1,2,5,6,7,8,9]),[6,4,4,5,6,3]))"
"((66,66,67),([0,2,5,6,9],[0,2,5,8,9],[0,1,5,7,9]),([1,1,3,2,2,1],[1,1,3,2,2,1],[1,2,1,3,2,1]),(8,[3,4,10,11]),((231,[0,1,2,5,6,7,8,9]),[6,4,4,5,6,3]))"
"((66,66,72),([0,3,5,8,9],[0,2,5,6,9],[0,2,5,9,11]),([1,1,3,2,2,1],[1,1,3,2,2,1],[1,2,3,1,2,1]),(8,[1,4,7,10]),((236,[0,2,3,5,6,8,9,11]),[4,4,8,4,4,4]))"
"((66,66,72),([0,2,5,6,9],[0,3,5,8,9],[0,2,5,9,11]),([1,1,3,2,2,1],[1,1,3,2,2,1],[1,2,3,1,2,1]),(8,[1,4,7,10]),((236,[0,2,3,5,6,8,9,11]),[4,4,8,4,4,4]))"
"((47,69,72),([0,2,4,5,9],[0,3,5,9,10],[0,2,5,9,11]),([1,2,2,2,3,0],[1,2,2,1,3,1],[1,2,3,1,2,1]),(8,[1,6,7,8]),((238,[0,2,3,4,5,9,10,11]),[6,5,4,4,6,3]))"
"((46,66,72),([0,4,5,7,9],[0,3,5,8,9],[0,2,5,9,11]),([1,2,2,2,3,0],[1,1,3,2,2,1],[1,2,3,1,2,1]),(9,[1,6,10]),((264,[0,2,3,4,5,7,8,9,11]),[6,6,7,7,7,3]))"
"((66,67,69),([0,2,5,6,9],[0,1,5,7,9],[0,3,5,9,10]),([1,1,3,2,2,1],[1,2,1,3,2,1],[1,2,2,1,3,1]),(9,[4,8,11]),((264,[0,1,2,3,5,6,7,9,10]),[6,6,7,7,7,3]))"
"((66,69,73),([0,2,5,6,9],[0,3,5,9,10],[0,5,7,9,11]),([1,1,3,2,2,1],[1,2,2,1,3,1],[1,3,1,2,2,1]),(9,[1,4,8]),((264,[0,2,3,5,6,7,9,10,11]),[6,6,7,7,7,3]))"
"((47,66,73),([0,2,4,5,9],[0,3,5,8,9],[0,5,7,9,11]),([1,2,2,2,3,0],[1,1,3,2,2,1],[1,3,1,2,2,1]),(9,[1,6,10]),((264,[0,2,3,4,5,7,8,9,11]),[6,6,7,7,7,3]))"
"((46,47,66),([0,4,5,7,9],[0,2,5,9,10],[0,3,5,8,9]),([1,2,2,2,3,0],[1,2,2,2,3,0],[1,1,3,2,2,1]),(9,[1,6,11]),((267,[0,2,3,4,5,7,8,9,10]),[6,7,6,6,8,3]))"
"((46,69,72),([0,4,5,7,9],[0,3,5,9,10],[0,2,5,9,11]),([1,2,2,2,3,0],[1,2,2,1,3,1],[1,2,3,1,2,1]),(9,[1,6,8]),((267,[0,2,3,4,5,7,9,10,11]),[6,7,6,6,8,3]))"
"((46,66,69),([0,4,5,7,9],[0,2,5,8,9],[0,3,5,9,10]),([1,2,2,2,3,0],[1,1,3,2,2,1],[1,2,2,1,3,1]),(9,[1,6,11]),((267,[0,2,3,4,5,7,8,9,10]),[6,7,6,6,8,3]))"
"((47,66,67),([0,2,5,9,10],[0,3,5,8,9],[0,1,5,7,9]),([1,2,2,2,3,0],[1,1,3,2,2,1],[1,2,1,3,2,1]),(9,[4,6,11]),((267,[0,1,2,3,5,7,8,9,10]),[6,7,6,6,8,3]))"
"((66,67,69),([0,2,5,8,9],[0,1,5,7,9],[0,3,5,9,10]),([1,1,3,2,2,1],[1,2,1,3,2,1],[1,2,2,1,3,1]),(9,[4,6,11]),((267,[0,1,2,3,5,7,8,9,10]),[6,7,6,6,8,3]))"
"((47,52,66),([0,2,4,5,9],[0,5,7,9,10],[0,3,5,8,9]),([1,2,2,2,3,0],[1,3,2,1,3,0],[1,1,3,2,2,1]),(9,[1,6,11]),((267,[0,2,3,4,5,7,8,9,10]),[6,7,6,6,8,3]))"
"((47,69,73),([0,2,4,5,9],[0,3,5,9,10],[0,5,7,9,11]),([1,2,2,2,3,0],[1,2,2,1,3,1],[1,3,1,2,2,1]),(9,[1,6,8]),((267,[0,2,3,4,5,7,9,10,11]),[6,7,6,6,8,3]))"
"((52,66,66),([0,5,7,9,10],[0,3,5,8,9],[0,2,5,6,9]),([1,3,2,1,3,0],[1,1,3,2,2,1],[1,1,3,2,2,1]),(9,[1,4,11]),((270,[0,2,3,5,6,7,8,9,10]),[6,7,7,6,7,3]))"
"((52,66,72),([0,5,7,9,10],[0,3,5,8,9],[0,2,5,9,11]),([1,3,2,1,3,0],[1,1,3,2,2,1],[1,2,3,1,2,1]),(9,[1,4,6]),((270,[0,2,3,5,7,8,9,10,11]),[6,7,7,6,7,3]))"
"((52,66,66),([0,5,7,9,10],[0,2,5,6,9],[0,3,5,8,9]),([1,3,2,1,3,0],[1,1,3,2,2,1],[1,1,3,2,2,1]),(9,[1,4,11]),((270,[0,2,3,5,6,7,8,9,10]),[6,7,7,6,7,3]))"
"((46,66,69),([0,4,5,7,9],[0,2,5,6,9],[0,3,5,9,10]),([1,2,2,2,3,0],[1,1,3,2,2,1],[1,2,2,1,3,1]),(9,[1,8,11]),((270,[0,2,3,4,5,6,7,9,10]),[6,7,7,6,7,3]))"
"((47,66,73),([0,2,5,9,10],[0,3,5,8,9],[0,5,7,9,11]),([1,2,2,2,3,0],[1,1,3,2,2,1],[1,3,1,2,2,1]),(9,[1,4,6]),((270,[0,2,3,5,7,8,9,10,11]),[6,7,7,6,7,3]))"
"((66,69,73),([0,2,5,8,9],[0,3,5,9,10],[0,5,7,9,11]),([1,1,3,2,2,1],[1,2,2,1,3,1],[1,3,1,2,2,1]),(9,[1,4,6]),((270,[0,2,3,5,7,8,9,10,11]),[6,7,7,6,7,3]))"
"((47,67,69),([0,2,4,5,9],[0,1,5,7,9],[0,3,5,9,10]),([1,2,2,2,3,0],[1,2,1,3,2,1],[1,2,2,1,3,1]),(9,[6,8,11]),((270,[0,1,2,3,4,5,7,9,10]),[6,7,7,6,7,3]))"
"((67,69,72),([0,1,5,7,9],[0,3,5,9,10],[0,2,5,9,11]),([1,2,1,3,2,1],[1,2,2,1,3,1],[1,2,3,1,2,1]),(9,[4,6,8]),((275,[0,1,2,3,5,7,9,10,11]),[6,8,6,7,6,3]))"
"((47,66,67),([0,2,4,5,9],[0,3,5,8,9],[0,1,5,7,9]),([1,2,2,2,3,0],[1,1,3,2,2,1],[1,2,1,3,2,1]),(9,[6,10,11]),((276,[0,1,2,3,4,5,7,8,9]),[7,6,6,7,7,3]))"
"((46,66,66),([0,4,5,7,9],[0,3,5,8,9],[0,2,5,6,9]),([1,2,2,2,3,0],[1,1,3,2,2,1],[1,1,3,2,2,1]),(9,[1,10,11]),((285,[0,2,3,4,5,6,7,8,9]),[7,7,7,6,6,3]))"
"((46,66,66),([0,4,5,7,9],[0,2,5,6,9],[0,3,5,8,9]),([1,2,2,2,3,0],[1,1,3,2,2,1],[1,1,3,2,2,1]),(9,[1,10,11]),((285,[0,2,3,4,5,6,7,8,9]),[7,7,7,6,6,3]))"
"((66,66,73),([0,3,5,8,9],[0,2,5,6,9],[0,5,7,9,11]),([1,1,3,2,2,1],[1,1,3,2,2,1],[1,3,1,2,2,1]),(9,[1,4,10]),((289,[0,2,3,5,6,7,8,9,11]),[6,6,8,6,6,4]))"
"((66,66,73),([0,2,5,6,9],[0,3,5,8,9],[0,5,7,9,11]),([1,1,3,2,2,1],[1,1,3,2,2,1],[1,3,1,2,2,1]),(9,[1,4,10]),((289,[0,2,3,5,6,7,8,9,11]),[6,6,8,6,6,4]))"
"((66,67,72),([0,3,5,8,9],[0,1,5,7,9],[0,2,5,9,11]),([1,1,3,2,2,1],[1,2,1,3,2,1],[1,2,3,1,2,1]),(9,[4,6,10]),((291,[0,1,2,3,5,7,8,9,11]),[6,7,6,7,6,4]))"
"((66,66,67),([0,3,5,8,9],[0,2,5,6,9],[0,1,5,7,9]),([1,1,3,2,2,1],[1,1,3,2,2,1],[1,2,1,3,2,1]),(9,[4,10,11]),((298,[0,1,2,3,5,6,7,8,9]),[7,6,6,6,7,4]))"
"((66,66,67),([0,2,5,6,9],[0,3,5,8,9],[0,1,5,7,9]),([1,1,3,2,2,1],[1,1,3,2,2,1],[1,2,1,3,2,1]),(9,[4,10,11]),((298,[0,1,2,3,5,6,7,8,9]),[7,6,6,6,7,4]))"
