"((37,46,46),([0,3,5,7,10],[0,3,7,8,10],[0,3,5,7,8]),([0,3,2,1,4,0],[1,2,2,2,3,0],[1,2,2,2,3,0]),(6,[1,2,4,6,9,11]),((68,[0,3,5,7,8,10]),[1,4,3,2,5,0]))"
"((37,46,46),([0,3,5,7,10],[0,3,5,7,8],[0,3,7,8,10]),([0,3,2,1,4,0],[1,2,2,2,3,0],[1,2,2,2,3,0]),(6,[1,2,4,6,9,11]),((68,[0,3,5,7,8,10]),[1,4,3,2,5,0]))"
"((37,46,52),([0,3,5,7,10],[0,2,3,7,10],[0,2,3,5,7]),([0,3,2,1,4,0],[1,2,2,2,3,0],[1,3,2,1,3,0]),(6,[1,4,6,8,9,11]),((68,[0,2,3,5,7,10]),[1,4,3,2,5,0]))"
"((37,61,71),([0,3,5,7,10],[0,3,5,7,9],[0,3,7,9,10]),([0,3,2,1,4,0],[0,3,2,2,2,1],[1,2,3,1,2,1]),(6,[1,2,4,6,8,11]),((91,[0,3,5,7,9,10]),[1,4,3,2,4,1]))"
"((37,71,73),([0,3,5,7,10],[0,1,3,7,10],[0,1,3,5,7]),([0,3,2,1,4,0],[1,2,3,1,2,1],[1,3,1,2,2,1]),(6,[2,4,6,8,9,11]),((91,[0,1,3,5,7,10]),[1,4,3,2,4,1]))"
"((52,61,68),([0,2,3,5,7],[0,3,5,7,9],[0,2,3,7,9]),([1,3,2,1,3,0],[0,3,2,2,2,1],[1,2,2,1,3,1]),(6,[1,4,6,8,10,11]),((91,[0,2,3,5,7,9]),[1,4,3,2,4,1]))"
"((46,68,71),([0,2,3,7,10],[0,2,3,7,9],[0,3,7,9,10]),([1,2,2,2,3,0],[1,2,2,1,3,1],[1,2,3,1,2,1]),(6,[1,4,5,6,8,11]),((99,[0,2,3,7,9,10]),[2,3,3,2,4,1]))"
"((65,65,71),([0,3,4,7,9],[0,3,4,7,10],[0,3,7,9,10]),([1,1,3,2,2,1],[1,1,3,2,2,1],[1,2,3,1,2,1]),(6,[1,2,5,6,8,11]),((118,[0,3,4,7,9,10]),[2,2,4,2,3,2]))"
"((65,65,71),([0,3,4,7,10],[0,3,4,7,9],[0,3,7,9,10]),([1,1,3,2,2,1],[1,1,3,2,2,1],[1,2,3,1,2,1]),(6,[1,2,5,6,8,11]),((118,[0,3,4,7,9,10]),[2,2,4,2,3,2]))"
"((61,68,71),([0,3,5,7,9],[0,2,3,7,9],[0,3,7,9,10]),([0,3,2,2,2,1],[1,2,2,1,3,1],[1,2,3,1,2,1]),(7,[1,4,6,8,11]),((123,[0,2,3,5,7,9,10]),[2,5,4,3,6,1]))"
"((46,71,73),([0,3,7,8,10],[0,1,3,7,10],[0,1,3,5,7]),([1,2,2,2,3,0],[1,2,3,1,2,1],[1,3,1,2,2,1]),(7,[2,4,6,9,11]),((123,[0,1,3,5,7,8,10]),[2,5,4,3,6,1]))"
"((46,46,52),([0,3,7,8,10],[0,3,5,7,8],[0,2,3,5,7]),([1,2,2,2,3,0],[1,2,2,2,3,0],[1,3,2,1,3,0]),(7,[1,4,6,9,11]),((123,[0,2,3,5,7,8,10]),[2,5,4,3,6,1]))"
"((46,46,71),([0,3,7,8,10],[0,3,5,7,8],[0,1,3,7,10]),([1,2,2,2,3,0],[1,2,2,2,3,0],[1,2,3,1,2,1]),(7,[2,4,6,9,11]),((123,[0,1,3,5,7,8,10]),[2,5,4,3,6,1]))"
"((46,46,46),([0,3,7,8,10],[0,3,5,7,8],[0,2,3,7,10]),([1,2,2,2,3,0],[1,2,2,2,3,0],[1,2,2,2,3,0]),(7,[1,4,6,9,11]),((123,[0,2,3,5,7,8,10]),[2,5,4,3,6,1]))"
"((46,46,73),([0,3,7,8,10],[0,3,5,7,8],[0,1,3,5,7]),([1,2,2,2,3,0],[1,2,2,2,3,0],[1,3,1,2,2,1]),(7,[2,4,6,9,11]),((123,[0,1,3,5,7,8,10]),[2,5,4,3,6,1]))"
"((46,46,52),([0,3,7,8,10],[0,2,3,7,10],[0,2,3,5,7]),([1,2,2,2,3,0],[1,2,2,2,3,0],[1,3,2,1,3,0]),(7,[1,4,6,9,11]),((123,[0,2,3,5,7,8,10]),[2,5,4,3,6,1]))"
"((46,46,46),([0,3,7,8,10],[0,2,3,7,10],[0,3,5,7,8]),([1,2,2,2,3,0],[1,2,2,2,3,0],[1,2,2,2,3,0]),(7,[1,4,6,9,11]),((123,[0,2,3,5,7,8,10]),[2,5,4,3,6,1]))"
"((37,61,68),([0,3,5,7,10],[0,3,5,7,9],[0,2,3,7,9]),([0,3,2,1,4,0],[0,3,2,2,2,1],[1,2,2,1,3,1]),(7,[1,4,6,8,11]),((123,[0,2,3,5,7,9,10]),[2,5,4,3,6,1]))"
"((37,46,52),([0,3,5,7,10],[0,3,7,8,10],[0,2,3,5,7]),([0,3,2,1,4,0],[1,2,2,2,3,0],[1,3,2,1,3,0]),(7,[1,4,6,9,11]),((123,[0,2,3,5,7,8,10]),[2,5,4,3,6,1]))"
"((37,46,71),([0,3,5,7,10],[0,3,7,8,10],[0,1,3,7,10]),([0,3,2,1,4,0],[1,2,2,2,3,0],[1,2,3,1,2,1]),(7,[2,4,6,9,11]),((123,[0,1,3,5,7,8,10]),[2,5,4,3,6,1]))"
"((37,46,46),([0,3,5,7,10],[0,3,7,8,10],[0,2,3,7,10]),([0,3,2,1,4,0],[1,2,2,2,3,0],[1,2,2,2,3,0]),(7,[1,4,6,9,11]),((123,[0,2,3,5,7,8,10]),[2,5,4,3,6,1]))"
"((37,46,73),([0,3,5,7,10],[0,3,7,8,10],[0,1,3,5,7]),([0,3,2,1,4,0],[1,2,2,2,3,0],[1,3,1,2,2,1]),(7,[2,4,6,9,11]),((123,[0,1,3,5,7,8,10]),[2,5,4,3,6,1]))"
"((37,52,61),([0,3,5,7,10],[0,2,3,5,7],[0,3,5,7,9]),([0,3,2,1,4,0],[1,3,2,1,3,0],[0,3,2,2,2,1]),(7,[1,4,6,8,11]),((123,[0,2,3,5,7,9,10]),[2,5,4,3,6,1]))"
"((37,52,68),([0,3,5,7,10],[0,2,3,5,7],[0,2,3,7,9]),([0,3,2,1,4,0],[1,3,2,1,3,0],[1,2,2,1,3,1]),(7,[1,4,6,8,11]),((123,[0,2,3,5,7,9,10]),[2,5,4,3,6,1]))"
"((37,52,71),([0,3,5,7,10],[0,2,3,5,7],[0,3,7,9,10]),([0,3,2,1,4,0],[1,3,2,1,3,0],[1,2,3,1,2,1]),(7,[1,4,6,8,11]),((123,[0,2,3,5,7,9,10]),[2,5,4,3,6,1]))"
"((37,68,71),([0,3,5,7,10],[0,2,3,7,9],[0,3,7,9,10]),([0,3,2,1,4,0],[1,2,2,1,3,1],[1,2,3,1,2,1]),(7,[1,4,6,8,11]),((123,[0,2,3,5,7,9,10]),[2,5,4,3,6,1]))"
"((37,46,52),([0,3,5,7,10],[0,3,5,7,8],[0,2,3,5,7]),([0,3,2,1,4,0],[1,2,2,2,3,0],[1,3,2,1,3,0]),(7,[1,4,6,9,11]),((123,[0,2,3,5,7,8,10]),[2,5,4,3,6,1]))"
"((37,46,71),([0,3,5,7,10],[0,3,5,7,8],[0,1,3,7,10]),([0,3,2,1,4,0],[1,2,2,2,3,0],[1,2,3,1,2,1]),(7,[2,4,6,9,11]),((123,[0,1,3,5,7,8,10]),[2,5,4,3,6,1]))"
"((37,46,46),([0,3,5,7,10],[0,3,5,7,8],[0,2,3,7,10]),([0,3,2,1,4,0],[1,2,2,2,3,0],[1,2,2,2,3,0]),(7,[1,4,6,9,11]),((123,[0,2,3,5,7,8,10]),[2,5,4,3,6,1]))"
"((37,46,73),([0,3,5,7,10],[0,3,5,7,8],[0,1,3,5,7]),([0,3,2,1,4,0],[1,2,2,2,3,0],[1,3,1,2,2,1]),(7,[2,4,6,9,11]),((123,[0,1,3,5,7,8,10]),[2,5,4,3,6,1]))"
"((37,46,61),([0,3,5,7,10],[0,2,3,7,10],[0,3,5,7,9]),([0,3,2,1,4,0],[1,2,2,2,3,0],[0,3,2,2,2,1]),(7,[1,4,6,8,11]),((123,[0,2,3,5,7,9,10]),[2,5,4,3,6,1]))"
"((37,46,46),([0,3,5,7,10],[0,2,3,7,10],[0,3,7,8,10]),([0,3,2,1,4,0],[1,2,2,2,3,0],[1,2,2,2,3,0]),(7,[1,4,6,9,11]),((123,[0,2,3,5,7,8,10]),[2,5,4,3,6,1]))"
"((37,46,68),([0,3,5,7,10],[0,2,3,7,10],[0,2,3,7,9]),([0,3,2,1,4,0],[1,2,2,2,3,0],[1,2,2,1,3,1]),(7,[1,4,6,8,11]),((123,[0,2,3,5,7,9,10]),[2,5,4,3,6,1]))"
"((37,46,71),([0,3,5,7,10],[0,2,3,7,10],[0,3,7,9,10]),([0,3,2,1,4,0],[1,2,2,2,3,0],[1,2,3,1,2,1]),(7,[1,4,6,8,11]),((123,[0,2,3,5,7,9,10]),[2,5,4,3,6,1]))"
"((37,46,46),([0,3,5,7,10],[0,2,3,7,10],[0,3,5,7,8]),([0,3,2,1,4,0],[1,2,2,2,3,0],[1,2,2,2,3,0]),(7,[1,4,6,9,11]),((123,[0,2,3,5,7,8,10]),[2,5,4,3,6,1]))"
"((52,61,71),([0,2,3,5,7],[0,3,5,7,9],[0,3,7,9,10]),([1,3,2,1,3,0],[0,3,2,2,2,1],[1,2,3,1,2,1]),(7,[1,4,6,8,11]),((123,[0,2,3,5,7,9,10]),[2,5,4,3,6,1]))"
"((52,68,71),([0,2,3,5,7],[0,2,3,7,9],[0,3,7,9,10]),([1,3,2,1,3,0],[1,2,2,1,3,1],[1,2,3,1,2,1]),(7,[1,4,6,8,11]),((123,[0,2,3,5,7,9,10]),[2,5,4,3,6,1]))"
"((46,46,52),([0,3,5,7,8],[0,3,7,8,10],[0,2,3,5,7]),([1,2,2,2,3,0],[1,2,2,2,3,0],[1,3,2,1,3,0]),(7,[1,4,6,9,11]),((123,[0,2,3,5,7,8,10]),[2,5,4,3,6,1]))"
"((46,46,71),([0,3,5,7,8],[0,3,7,8,10],[0,1,3,7,10]),([1,2,2,2,3,0],[1,2,2,2,3,0],[1,2,3,1,2,1]),(7,[2,4,6,9,11]),((123,[0,1,3,5,7,8,10]),[2,5,4,3,6,1]))"
"((46,46,46),([0,3,5,7,8],[0,3,7,8,10],[0,2,3,7,10]),([1,2,2,2,3,0],[1,2,2,2,3,0],[1,2,2,2,3,0]),(7,[1,4,6,9,11]),((123,[0,2,3,5,7,8,10]),[2,5,4,3,6,1]))"
"((46,46,73),([0,3,5,7,8],[0,3,7,8,10],[0,1,3,5,7]),([1,2,2,2,3,0],[1,2,2,2,3,0],[1,3,1,2,2,1]),(7,[2,4,6,9,11]),((123,[0,1,3,5,7,8,10]),[2,5,4,3,6,1]))"
"((46,71,73),([0,3,5,7,8],[0,1,3,7,10],[0,1,3,5,7]),([1,2,2,2,3,0],[1,2,3,1,2,1],[1,3,1,2,2,1]),(7,[2,4,6,9,11]),((123,[0,1,3,5,7,8,10]),[2,5,4,3,6,1]))"
"((46,46,46),([0,3,5,7,8],[0,2,3,7,10],[0,3,7,8,10]),([1,2,2,2,3,0],[1,2,2,2,3,0],[1,2,2,2,3,0]),(7,[1,4,6,9,11]),((123,[0,2,3,5,7,8,10]),[2,5,4,3,6,1]))"
"((46,46,52),([0,3,5,7,8],[0,2,3,7,10],[0,2,3,5,7]),([1,2,2,2,3,0],[1,2,2,2,3,0],[1,3,2,1,3,0]),(7,[1,4,6,9,11]),((123,[0,2,3,5,7,8,10]),[2,5,4,3,6,1]))"
"((46,61,68),([0,2,3,7,10],[0,3,5,7,9],[0,2,3,7,9]),([1,2,2,2,3,0],[0,3,2,2,2,1],[1,2,2,1,3,1]),(7,[1,4,6,8,11]),((123,[0,2,3,5,7,9,10]),[2,5,4,3,6,1]))"
"((46,61,71),([0,2,3,7,10],[0,3,5,7,9],[0,3,7,9,10]),([1,2,2,2,3,0],[0,3,2,2,2,1],[1,2,3,1,2,1]),(7,[1,4,6,8,11]),((123,[0,2,3,5,7,9,10]),[2,5,4,3,6,1]))"
"((46,46,52),([0,2,3,7,10],[0,3,7,8,10],[0,2,3,5,7]),([1,2,2,2,3,0],[1,2,2,2,3,0],[1,3,2,1,3,0]),(7,[1,4,6,9,11]),((123,[0,2,3,5,7,8,10]),[2,5,4,3,6,1]))"
"((46,46,46),([0,2,3,7,10],[0,3,7,8,10],[0,3,5,7,8]),([1,2,2,2,3,0],[1,2,2,2,3,0],[1,2,2,2,3,0]),(7,[1,4,6,9,11]),((123,[0,2,3,5,7,8,10]),[2,5,4,3,6,1]))"
"((46,52,61),([0,2,3,7,10],[0,2,3,5,7],[0,3,5,7,9]),([1,2,2,2,3,0],[1,3,2,1,3,0],[0,3,2,2,2,1]),(7,[1,4,6,8,11]),((123,[0,2,3,5,7,9,10]),[2,5,4,3,6,1]))"
"((46,52,68),([0,2,3,7,10],[0,2,3,5,7],[0,2,3,7,9]),([1,2,2,2,3,0],[1,3,2,1,3,0],[1,2,2,1,3,1]),(7,[1,4,6,8,11]),((123,[0,2,3,5,7,9,10]),[2,5,4,3,6,1]))"
"((46,52,71),([0,2,3,7,10],[0,2,3,5,7],[0,3,7,9,10]),([1,2,2,2,3,0],[1,3,2,1,3,0],[1,2,3,1,2,1]),(7,[1,4,6,8,11]),((123,[0,2,3,5,7,9,10]),[2,5,4,3,6,1]))"
"((46,46,46),([0,2,3,7,10],[0,3,5,7,8],[0,3,7,8,10]),([1,2,2,2,3,0],[1,2,2,2,3,0],[1,2,2,2,3,0]),(7,[1,4,6,9,11]),((123,[0,2,3,5,7,8,10]),[2,5,4,3,6,1]))"
"((46,46,52),([0,2,3,7,10],[0,3,5,7,8],[0,2,3,5,7]),([1,2,2,2,3,0],[1,2,2,2,3,0],[1,3,2,1,3,0]),(7,[1,4,6,9,11]),((123,[0,2,3,5,7,8,10]),[2,5,4,3,6,1]))"
"((46,46,65),([0,3,7,8,10],[0,3,5,7,8],[0,3,4,7,10]),([1,2,2,2,3,0],[1,2,2,2,3,0],[1,1,3,2,2,1]),(7,[1,2,6,9,11]),((132,[0,3,4,5,7,8,10]),[3,4,4,4,5,1]))"
"((46,46,67),([0,3,7,8,10],[0,3,5,7,8],[0,3,5,7,11]),([1,2,2,2,3,0],[1,2,2,2,3,0],[1,2,1,3,2,1]),(7,[1,2,4,6,9]),((132,[0,3,5,7,8,10,11]),[3,4,4,4,5,1]))"
"((37,46,65),([0,3,5,7,10],[0,3,7,8,10],[0,3,4,7,10]),([0,3,2,1,4,0],[1,2,2,2,3,0],[1,1,3,2,2,1]),(7,[1,2,6,9,11]),((132,[0,3,4,5,7,8,10]),[3,4,4,4,5,1]))"
"((37,46,67),([0,3,5,7,10],[0,3,7,8,10],[0,3,5,7,11]),([0,3,2,1,4,0],[1,2,2,2,3,0],[1,2,1,3,2,1]),(7,[1,2,4,6,9]),((132,[0,3,5,7,8,10,11]),[3,4,4,4,5,1]))"
"((37,52,65),([0,3,5,7,10],[0,2,3,5,7],[0,3,6,7,10]),([0,3,2,1,4,0],[1,3,2,1,3,0],[1,1,3,2,2,1]),(7,[1,4,8,9,11]),((132,[0,2,3,5,6,7,10]),[3,4,4,4,5,1]))"
"((37,52,67),([0,3,5,7,10],[0,2,3,5,7],[0,3,5,7,11]),([0,3,2,1,4,0],[1,3,2,1,3,0],[1,2,1,3,2,1]),(7,[1,4,6,8,9]),((132,[0,2,3,5,7,10,11]),[3,4,4,4,5,1]))"
"((37,46,65),([0,3,5,7,10],[0,3,5,7,8],[0,3,4,7,10]),([0,3,2,1,4,0],[1,2,2,2,3,0],[1,1,3,2,2,1]),(7,[1,2,6,9,11]),((132,[0,3,4,5,7,8,10]),[3,4,4,4,5,1]))"
"((37,46,67),([0,3,5,7,10],[0,3,5,7,8],[0,3,5,7,11]),([0,3,2,1,4,0],[1,2,2,2,3,0],[1,2,1,3,2,1]),(7,[1,2,4,6,9]),((132,[0,3,5,7,8,10,11]),[3,4,4,4,5,1]))"
"((37,46,65),([0,3,5,7,10],[0,2,3,7,10],[0,3,6,7,10]),([0,3,2,1,4,0],[1,2,2,2,3,0],[1,1,3,2,2,1]),(7,[1,4,8,9,11]),((132,[0,2,3,5,6,7,10]),[3,4,4,4,5,1]))"
"((37,46,67),([0,3,5,7,10],[0,2,3,7,10],[0,3,5,7,11]),([0,3,2,1,4,0],[1,2,2,2,3,0],[1,2,1,3,2,1]),(7,[1,4,6,8,9]),((132,[0,2,3,5,7,10,11]),[3,4,4,4,5,1]))"
"((46,46,65),([0,3,5,7,8],[0,3,7,8,10],[0,3,4,7,10]),([1,2,2,2,3,0],[1,2,2,2,3,0],[1,1,3,2,2,1]),(7,[1,2,6,9,11]),((132,[0,3,4,5,7,8,10]),[3,4,4,4,5,1]))"
"((46,46,67),([0,3,5,7,8],[0,3,7,8,10],[0,3,5,7,11]),([1,2,2,2,3,0],[1,2,2,2,3,0],[1,2,1,3,2,1]),(7,[1,2,4,6,9]),((132,[0,3,5,7,8,10,11]),[3,4,4,4,5,1]))"
"((46,52,65),([0,2,3,7,10],[0,2,3,5,7],[0,3,6,7,10]),([1,2,2,2,3,0],[1,3,2,1,3,0],[1,1,3,2,2,1]),(7,[1,4,8,9,11]),((132,[0,2,3,5,6,7,10]),[3,4,4,4,5,1]))"
"((46,52,67),([0,2,3,7,10],[0,2,3,5,7],[0,3,5,7,11]),([1,2,2,2,3,0],[1,3,2,1,3,0],[1,2,1,3,2,1]),(7,[1,4,6,8,9]),((132,[0,2,3,5,7,10,11]),[3,4,4,4,5,1]))"
"((61,65,68),([0,3,5,7,9],[0,3,4,7,9],[0,2,3,7,9]),([0,3,2,2,2,1],[1,1,3,2,2,1],[1,2,2,1,3,1]),(7,[1,6,8,10,11]),((138,[0,2,3,4,5,7,9]),[3,5,4,3,5,1]))"
"((46,61,71),([0,3,7,8,10],[0,3,5,7,9],[0,3,7,9,10]),([1,2,2,2,3,0],[0,3,2,2,2,1],[1,2,3,1,2,1]),(7,[1,2,4,6,11]),((138,[0,3,5,7,8,9,10]),[3,5,4,3,5,1]))"
"((46,46,61),([0,3,7,8,10],[0,3,5,7,8],[0,3,5,7,9]),([1,2,2,2,3,0],[1,2,2,2,3,0],[0,3,2,2,2,1]),(7,[1,2,4,6,11]),((138,[0,3,5,7,8,9,10]),[3,5,4,3,5,1]))"
"((46,46,65),([0,3,7,8,10],[0,3,5,7,8],[0,3,6,7,10]),([1,2,2,2,3,0],[1,2,2,2,3,0],[1,1,3,2,2,1]),(7,[1,2,4,9,11]),((138,[0,3,5,6,7,8,10]),[3,5,4,3,5,1]))"
"((46,46,71),([0,3,7,8,10],[0,3,5,7,8],[0,3,7,9,10]),([1,2,2,2,3,0],[1,2,2,2,3,0],[1,2,3,1,2,1]),(7,[1,2,4,6,11]),((138,[0,3,5,7,8,9,10]),[3,5,4,3,5,1]))"
"((37,46,61),([0,3,5,7,10],[0,3,7,8,10],[0,3,5,7,9]),([0,3,2,1,4,0],[1,2,2,2,3,0],[0,3,2,2,2,1]),(7,[1,2,4,6,11]),((138,[0,3,5,7,8,9,10]),[3,5,4,3,5,1]))"
"((37,46,65),([0,3,5,7,10],[0,3,7,8,10],[0,3,6,7,10]),([0,3,2,1,4,0],[1,2,2,2,3,0],[1,1,3,2,2,1]),(7,[1,2,4,9,11]),((138,[0,3,5,6,7,8,10]),[3,5,4,3,5,1]))"
"((37,46,71),([0,3,5,7,10],[0,3,7,8,10],[0,3,7,9,10]),([0,3,2,1,4,0],[1,2,2,2,3,0],[1,2,3,1,2,1]),(7,[1,2,4,6,11]),((138,[0,3,5,7,8,9,10]),[3,5,4,3,5,1]))"
"((37,52,71),([0,3,5,7,10],[0,2,3,5,7],[0,1,3,7,10]),([0,3,2,1,4,0],[1,3,2,1,3,0],[1,2,3,1,2,1]),(7,[4,6,8,9,11]),((138,[0,1,2,3,5,7,10]),[3,5,4,3,5,1]))"
"((37,52,65),([0,3,5,7,10],[0,2,3,5,7],[0,3,4,7,10]),([0,3,2,1,4,0],[1,3,2,1,3,0],[1,1,3,2,2,1]),(7,[1,6,8,9,11]),((138,[0,2,3,4,5,7,10]),[3,5,4,3,5,1]))"
"((37,52,73),([0,3,5,7,10],[0,2,3,5,7],[0,1,3,5,7]),([0,3,2,1,4,0],[1,3,2,1,3,0],[1,3,1,2,2,1]),(7,[4,6,8,9,11]),((138,[0,1,2,3,5,7,10]),[3,5,4,3,5,1]))"
"((37,46,61),([0,3,5,7,10],[0,3,5,7,8],[0,3,5,7,9]),([0,3,2,1,4,0],[1,2,2,2,3,0],[0,3,2,2,2,1]),(7,[1,2,4,6,11]),((138,[0,3,5,7,8,9,10]),[3,5,4,3,5,1]))"
"((37,46,65),([0,3,5,7,10],[0,3,5,7,8],[0,3,6,7,10]),([0,3,2,1,4,0],[1,2,2,2,3,0],[1,1,3,2,2,1]),(7,[1,2,4,9,11]),((138,[0,3,5,6,7,8,10]),[3,5,4,3,5,1]))"
"((37,46,71),([0,3,5,7,10],[0,3,5,7,8],[0,3,7,9,10]),([0,3,2,1,4,0],[1,2,2,2,3,0],[1,2,3,1,2,1]),(7,[1,2,4,6,11]),((138,[0,3,5,7,8,9,10]),[3,5,4,3,5,1]))"
"((37,46,71),([0,3,5,7,10],[0,2,3,7,10],[0,1,3,7,10]),([0,3,2,1,4,0],[1,2,2,2,3,0],[1,2,3,1,2,1]),(7,[4,6,8,9,11]),((138,[0,1,2,3,5,7,10]),[3,5,4,3,5,1]))"
"((37,46,65),([0,3,5,7,10],[0,2,3,7,10],[0,3,4,7,10]),([0,3,2,1,4,0],[1,2,2,2,3,0],[1,1,3,2,2,1]),(7,[1,6,8,9,11]),((138,[0,2,3,4,5,7,10]),[3,5,4,3,5,1]))"
"((37,46,73),([0,3,5,7,10],[0,2,3,7,10],[0,1,3,5,7]),([0,3,2,1,4,0],[1,2,2,2,3,0],[1,3,1,2,2,1]),(7,[4,6,8,9,11]),((138,[0,1,2,3,5,7,10]),[3,5,4,3,5,1]))"
"((52,61,65),([0,2,3,5,7],[0,3,5,7,9],[0,3,4,7,9]),([1,3,2,1,3,0],[0,3,2,2,2,1],[1,1,3,2,2,1]),(7,[1,6,8,10,11]),((138,[0,2,3,4,5,7,9]),[3,5,4,3,5,1]))"
"((52,71,73),([0,2,3,5,7],[0,1,3,7,10],[0,1,3,5,7]),([1,3,2,1,3,0],[1,2,3,1,2,1],[1,3,1,2,2,1]),(7,[4,6,8,9,11]),((138,[0,1,2,3,5,7,10]),[3,5,4,3,5,1]))"
"((52,65,68),([0,2,3,5,7],[0,3,4,7,9],[0,2,3,7,9]),([1,3,2,1,3,0],[1,1,3,2,2,1],[1,2,2,1,3,1]),(7,[1,6,8,10,11]),((138,[0,2,3,4,5,7,9]),[3,5,4,3,5,1]))"
"((46,61,71),([0,3,5,7,8],[0,3,5,7,9],[0,3,7,9,10]),([1,2,2,2,3,0],[0,3,2,2,2,1],[1,2,3,1,2,1]),(7,[1,2,4,6,11]),((138,[0,3,5,7,8,9,10]),[3,5,4,3,5,1]))"
"((46,46,61),([0,3,5,7,8],[0,3,7,8,10],[0,3,5,7,9]),([1,2,2,2,3,0],[1,2,2,2,3,0],[0,3,2,2,2,1]),(7,[1,2,4,6,11]),((138,[0,3,5,7,8,9,10]),[3,5,4,3,5,1]))"
"((46,46,65),([0,3,5,7,8],[0,3,7,8,10],[0,3,6,7,10]),([1,2,2,2,3,0],[1,2,2,2,3,0],[1,1,3,2,2,1]),(7,[1,2,4,9,11]),((138,[0,3,5,6,7,8,10]),[3,5,4,3,5,1]))"
"((46,46,71),([0,3,5,7,8],[0,3,7,8,10],[0,3,7,9,10]),([1,2,2,2,3,0],[1,2,2,2,3,0],[1,2,3,1,2,1]),(7,[1,2,4,6,11]),((138,[0,3,5,7,8,9,10]),[3,5,4,3,5,1]))"
"((46,52,71),([0,2,3,7,10],[0,2,3,5,7],[0,1,3,7,10]),([1,2,2,2,3,0],[1,3,2,1,3,0],[1,2,3,1,2,1]),(7,[4,6,8,9,11]),((138,[0,1,2,3,5,7,10]),[3,5,4,3,5,1]))"
"((46,52,65),([0,2,3,7,10],[0,2,3,5,7],[0,3,4,7,10]),([1,2,2,2,3,0],[1,3,2,1,3,0],[1,1,3,2,2,1]),(7,[1,6,8,9,11]),((138,[0,2,3,4,5,7,10]),[3,5,4,3,5,1]))"
"((46,52,73),([0,2,3,7,10],[0,2,3,5,7],[0,1,3,5,7]),([1,2,2,2,3,0],[1,3,2,1,3,0],[1,3,1,2,2,1]),(7,[4,6,8,9,11]),((138,[0,1,2,3,5,7,10]),[3,5,4,3,5,1]))"
"((46,71,73),([0,2,3,7,10],[0,1,3,7,10],[0,1,3,5,7]),([1,2,2,2,3,0],[1,2,3,1,2,1],[1,3,1,2,2,1]),(7,[4,6,8,9,11]),((138,[0,1,2,3,5,7,10]),[3,5,4,3,5,1]))"
"((46,61,65),([0,3,5,7,8],[0,3,5,7,9],[0,3,4,7,9]),([1,2,2,2,3,0],[0,3,2,2,2,1],[1,1,3,2,2,1]),(7,[1,2,6,10,11]),((141,[0,3,4,5,7,8,9]),[4,3,4,5,4,1]))"
"((61,71,71),([0,3,5,7,9],[0,1,3,7,10],[0,3,7,9,10]),([0,3,2,2,2,1],[1,2,3,1,2,1],[1,2,3,1,2,1]),(7,[2,4,6,8,11]),((147,[0,1,3,5,7,9,10]),[2,5,4,4,4,2]))"
"((61,71,73),([0,3,5,7,9],[0,1,3,7,10],[0,1,3,5,7]),([0,3,2,2,2,1],[1,2,3,1,2,1],[1,3,1,2,2,1]),(7,[2,4,6,8,11]),((147,[0,1,3,5,7,9,10]),[2,5,4,4,4,2]))"
"((61,71,71),([0,3,5,7,9],[0,3,7,9,10],[0,1,3,7,10]),([0,3,2,2,2,1],[1,2,3,1,2,1],[1,2,3,1,2,1]),(7,[2,4,6,8,11]),((147,[0,1,3,5,7,9,10]),[2,5,4,4,4,2]))"
"((61,71,73),([0,3,5,7,9],[0,3,7,9,10],[0,1,3,5,7]),([0,3,2,2,2,1],[1,2,3,1,2,1],[1,3,1,2,2,1]),(7,[2,4,6,8,11]),((147,[0,1,3,5,7,9,10]),[2,5,4,4,4,2]))"
"((61,67,68),([0,3,5,7,9],[0,3,5,7,11],[0,2,3,7,9]),([0,3,2,2,2,1],[1,2,1,3,2,1],[1,2,2,1,3,1]),(7,[1,4,6,8,10]),((147,[0,2,3,5,7,9,11]),[2,5,4,4,4,2]))"
"((37,61,71),([0,3,5,7,10],[0,3,5,7,9],[0,1,3,7,10]),([0,3,2,1,4,0],[0,3,2,2,2,1],[1,2,3,1,2,1]),(7,[2,4,6,8,11]),((147,[0,1,3,5,7,9,10]),[2,5,4,4,4,2]))"
"((37,61,73),([0,3,5,7,10],[0,3,5,7,9],[0,1,3,5,7]),([0,3,2,1,4,0],[0,3,2,2,2,1],[1,3,1,2,2,1]),(7,[2,4,6,8,11]),((147,[0,1,3,5,7,9,10]),[2,5,4,4,4,2]))"
"((37,71,71),([0,3,5,7,10],[0,1,3,7,10],[0,3,7,9,10]),([0,3,2,1,4,0],[1,2,3,1,2,1],[1,2,3,1,2,1]),(7,[2,4,6,8,11]),((147,[0,1,3,5,7,9,10]),[2,5,4,4,4,2]))"
"((37,71,71),([0,3,5,7,10],[0,3,7,9,10],[0,1,3,7,10]),([0,3,2,1,4,0],[1,2,3,1,2,1],[1,2,3,1,2,1]),(7,[2,4,6,8,11]),((147,[0,1,3,5,7,9,10]),[2,5,4,4,4,2]))"
"((37,71,73),([0,3,5,7,10],[0,3,7,9,10],[0,1,3,5,7]),([0,3,2,1,4,0],[1,2,3,1,2,1],[1,3,1,2,2,1]),(7,[2,4,6,8,11]),((147,[0,1,3,5,7,9,10]),[2,5,4,4,4,2]))"
"((52,61,67),([0,2,3,5,7],[0,3,5,7,9],[0,3,5,7,11]),([1,3,2,1,3,0],[0,3,2,2,2,1],[1,2,1,3,2,1]),(7,[1,4,6,8,10]),((147,[0,2,3,5,7,9,11]),[2,5,4,4,4,2]))"
"((52,67,68),([0,2,3,5,7],[0,3,5,7,11],[0,2,3,7,9]),([1,3,2,1,3,0],[1,2,1,3,2,1],[1,2,2,1,3,1]),(7,[1,4,6,8,10]),((147,[0,2,3,5,7,9,11]),[2,5,4,4,4,2]))"
"((71,71,73),([0,1,3,7,10],[0,3,7,9,10],[0,1,3,5,7]),([1,2,3,1,2,1],[1,2,3,1,2,1],[1,3,1,2,2,1]),(7,[2,4,6,8,11]),((147,[0,1,3,5,7,9,10]),[2,5,4,4,4,2]))"
"((71,71,73),([0,3,7,9,10],[0,1,3,7,10],[0,1,3,5,7]),([1,2,3,1,2,1],[1,2,3,1,2,1],[1,3,1,2,2,1]),(7,[2,4,6,8,11]),((147,[0,1,3,5,7,9,10]),[2,5,4,4,4,2]))"
"((46,65,71),([0,3,7,8,10],[0,3,4,7,10],[0,1,3,7,10]),([1,2,2,2,3,0],[1,1,3,2,2,1],[1,2,3,1,2,1]),(7,[2,5,6,9,11]),((151,[0,1,3,4,7,8,10]),[3,3,5,4,4,2]))"
"((65,68,71),([0,3,6,7,10],[0,2,3,7,9],[0,3,7,9,10]),([1,1,3,2,2,1],[1,2,2,1,3,1],[1,2,3,1,2,1]),(7,[1,4,5,8,11]),((151,[0,2,3,6,7,9,10]),[3,3,5,4,4,2]))"
"((46,52,67),([0,3,5,7,8],[0,2,3,5,7],[0,3,5,7,11]),([1,2,2,2,3,0],[1,3,2,1,3,0],[1,2,1,3,2,1]),(7,[1,4,6,9,10]),((151,[0,2,3,5,7,8,11]),[3,3,5,4,4,2]))"
"((46,65,68),([0,2,3,7,10],[0,3,6,7,10],[0,2,3,7,9]),([1,2,2,2,3,0],[1,1,3,2,2,1],[1,2,2,1,3,1]),(7,[1,4,5,8,11]),((151,[0,2,3,6,7,9,10]),[3,3,5,4,4,2]))"
"((46,65,71),([0,2,3,7,10],[0,3,6,7,10],[0,3,7,9,10]),([1,2,2,2,3,0],[1,1,3,2,2,1],[1,2,3,1,2,1]),(7,[1,4,5,8,11]),((151,[0,2,3,6,7,9,10]),[3,3,5,4,4,2]))"
"((61,65,67),([0,3,5,7,9],[0,3,4,7,9],[0,3,5,7,11]),([0,3,2,2,2,1],[1,1,3,2,2,1],[1,2,1,3,2,1]),(7,[1,2,6,8,10]),((153,[0,3,4,5,7,9,11]),[3,4,3,5,4,2]))"
"((46,46,65),([0,3,7,8,10],[0,2,3,7,10],[0,3,6,7,10]),([1,2,2,2,3,0],[1,2,2,2,3,0],[1,1,3,2,2,1]),(7,[1,4,5,9,11]),((153,[0,2,3,6,7,8,10]),[3,4,3,5,4,2]))"
"((46,46,65),([0,3,7,8,10],[0,2,3,7,10],[0,3,4,7,10]),([1,2,2,2,3,0],[1,2,2,2,3,0],[1,1,3,2,2,1]),(7,[1,5,6,9,11]),((153,[0,2,3,4,7,8,10]),[3,4,3,5,4,2]))"
"((46,61,73),([0,3,5,7,8],[0,3,5,7,9],[0,1,3,5,7]),([1,2,2,2,3,0],[0,3,2,2,2,1],[1,3,1,2,2,1]),(7,[2,4,6,10,11]),((153,[0,1,3,5,7,8,9]),[3,4,3,5,4,2]))"
"((46,67,73),([0,3,5,7,8],[0,3,5,7,11],[0,1,3,5,7]),([1,2,2,2,3,0],[1,2,1,3,2,1],[1,3,1,2,2,1]),(7,[2,4,6,9,10]),((153,[0,1,3,5,7,8,11]),[3,4,3,5,4,2]))"
"((46,46,65),([0,2,3,7,10],[0,3,7,8,10],[0,3,6,7,10]),([1,2,2,2,3,0],[1,2,2,2,3,0],[1,1,3,2,2,1]),(7,[1,4,5,9,11]),((153,[0,2,3,6,7,8,10]),[3,4,3,5,4,2]))"
"((46,46,65),([0,2,3,7,10],[0,3,7,8,10],[0,3,4,7,10]),([1,2,2,2,3,0],[1,2,2,2,3,0],[1,1,3,2,2,1]),(7,[1,5,6,9,11]),((153,[0,2,3,4,7,8,10]),[3,4,3,5,4,2]))"
"((61,65,65),([0,3,5,7,9],[0,3,4,7,9],[0,3,4,7,10]),([0,3,2,2,2,1],[1,1,3,2,2,1],[1,1,3,2,2,1]),(7,[1,2,6,8,11]),((154,[0,3,4,5,7,9,10]),[3,4,4,3,5,2]))"
"((61,65,71),([0,3,5,7,9],[0,3,4,7,9],[0,3,7,9,10]),([0,3,2,2,2,1],[1,1,3,2,2,1],[1,2,3,1,2,1]),(7,[1,2,6,8,11]),((154,[0,3,4,5,7,9,10]),[3,4,4,3,5,2]))"
"((61,65,65),([0,3,5,7,9],[0,3,4,7,10],[0,3,4,7,9]),([0,3,2,2,2,1],[1,1,3,2,2,1],[1,1,3,2,2,1]),(7,[1,2,6,8,11]),((154,[0,3,4,5,7,9,10]),[3,4,4,3,5,2]))"
"((61,65,71),([0,3,5,7,9],[0,3,4,7,10],[0,3,7,9,10]),([0,3,2,2,2,1],[1,1,3,2,2,1],[1,2,3,1,2,1]),(7,[1,2,6,8,11]),((154,[0,3,4,5,7,9,10]),[3,4,4,3,5,2]))"
"((46,65,71),([0,3,7,8,10],[0,3,6,7,10],[0,1,3,7,10]),([1,2,2,2,3,0],[1,1,3,2,2,1],[1,2,3,1,2,1]),(7,[2,4,5,9,11]),((154,[0,1,3,6,7,8,10]),[3,4,4,3,5,2]))"
"((37,61,65),([0,3,5,7,10],[0,3,5,7,9],[0,3,4,7,9]),([0,3,2,1,4,0],[0,3,2,2,2,1],[1,1,3,2,2,1]),(7,[1,2,6,8,11]),((154,[0,3,4,5,7,9,10]),[3,4,4,3,5,2]))"
"((37,61,65),([0,3,5,7,10],[0,3,5,7,9],[0,3,4,7,10]),([0,3,2,1,4,0],[0,3,2,2,2,1],[1,1,3,2,2,1]),(7,[1,2,6,8,11]),((154,[0,3,4,5,7,9,10]),[3,4,4,3,5,2]))"
"((37,65,65),([0,3,5,7,10],[0,3,4,7,9],[0,3,4,7,10]),([0,3,2,1,4,0],[1,1,3,2,2,1],[1,1,3,2,2,1]),(7,[1,2,6,8,11]),((154,[0,3,4,5,7,9,10]),[3,4,4,3,5,2]))"
"((37,65,71),([0,3,5,7,10],[0,3,4,7,9],[0,3,7,9,10]),([0,3,2,1,4,0],[1,1,3,2,2,1],[1,2,3,1,2,1]),(7,[1,2,6,8,11]),((154,[0,3,4,5,7,9,10]),[3,4,4,3,5,2]))"
"((37,65,71),([0,3,5,7,10],[0,3,6,7,10],[0,1,3,7,10]),([0,3,2,1,4,0],[1,1,3,2,2,1],[1,2,3,1,2,1]),(7,[2,4,8,9,11]),((154,[0,1,3,5,6,7,10]),[3,4,4,3,5,2]))"
"((37,65,73),([0,3,5,7,10],[0,3,6,7,10],[0,1,3,5,7]),([0,3,2,1,4,0],[1,1,3,2,2,1],[1,3,1,2,2,1]),(7,[2,4,8,9,11]),((154,[0,1,3,5,6,7,10]),[3,4,4,3,5,2]))"
"((37,65,65),([0,3,5,7,10],[0,3,4,7,10],[0,3,4,7,9]),([0,3,2,1,4,0],[1,1,3,2,2,1],[1,1,3,2,2,1]),(7,[1,2,6,8,11]),((154,[0,3,4,5,7,9,10]),[3,4,4,3,5,2]))"
"((37,65,71),([0,3,5,7,10],[0,3,4,7,10],[0,3,7,9,10]),([0,3,2,1,4,0],[1,1,3,2,2,1],[1,2,3,1,2,1]),(7,[1,2,6,8,11]),((154,[0,3,4,5,7,9,10]),[3,4,4,3,5,2]))"
"((65,68,71),([0,3,4,7,9],[0,2,3,7,9],[0,3,7,9,10]),([1,1,3,2,2,1],[1,2,2,1,3,1],[1,2,3,1,2,1]),(7,[1,5,6,8,11]),((154,[0,2,3,4,7,9,10]),[3,4,4,3,5,2]))"
"((65,65,68),([0,3,4,7,9],[0,3,4,7,10],[0,2,3,7,9]),([1,1,3,2,2,1],[1,1,3,2,2,1],[1,2,2,1,3,1]),(7,[1,5,6,8,11]),((154,[0,2,3,4,7,9,10]),[3,4,4,3,5,2]))"
"((65,71,73),([0,3,6,7,10],[0,1,3,7,10],[0,1,3,5,7]),([1,1,3,2,2,1],[1,2,3,1,2,1],[1,3,1,2,2,1]),(7,[2,4,8,9,11]),((154,[0,1,3,5,6,7,10]),[3,4,4,3,5,2]))"
"((65,68,71),([0,3,4,7,10],[0,2,3,7,9],[0,3,7,9,10]),([1,1,3,2,2,1],[1,2,2,1,3,1],[1,2,3,1,2,1]),(7,[1,5,6,8,11]),((154,[0,2,3,4,7,9,10]),[3,4,4,3,5,2]))"
"((65,65,68),([0,3,4,7,10],[0,3,4,7,9],[0,2,3,7,9]),([1,1,3,2,2,1],[1,1,3,2,2,1],[1,2,2,1,3,1]),(7,[1,5,6,8,11]),((154,[0,2,3,4,7,9,10]),[3,4,4,3,5,2]))"
"((46,61,68),([0,3,5,7,8],[0,3,5,7,9],[0,2,3,7,9]),([1,2,2,2,3,0],[0,3,2,2,2,1],[1,2,2,1,3,1]),(7,[1,4,6,10,11]),((154,[0,2,3,5,7,8,9]),[3,4,4,3,5,2]))"
"((46,52,61),([0,3,5,7,8],[0,2,3,5,7],[0,3,5,7,9]),([1,2,2,2,3,0],[1,3,2,1,3,0],[0,3,2,2,2,1]),(7,[1,4,6,10,11]),((154,[0,2,3,5,7,8,9]),[3,4,4,3,5,2]))"
"((46,52,68),([0,3,5,7,8],[0,2,3,5,7],[0,2,3,7,9]),([1,2,2,2,3,0],[1,3,2,1,3,0],[1,2,2,1,3,1]),(7,[1,4,6,10,11]),((154,[0,2,3,5,7,8,9]),[3,4,4,3,5,2]))"
"((46,65,68),([0,2,3,7,10],[0,3,4,7,9],[0,2,3,7,9]),([1,2,2,2,3,0],[1,1,3,2,2,1],[1,2,2,1,3,1]),(7,[1,5,6,8,11]),((154,[0,2,3,4,7,9,10]),[3,4,4,3,5,2]))"
"((46,65,65),([0,2,3,7,10],[0,3,4,7,9],[0,3,4,7,10]),([1,2,2,2,3,0],[1,1,3,2,2,1],[1,1,3,2,2,1]),(7,[1,5,6,8,11]),((154,[0,2,3,4,7,9,10]),[3,4,4,3,5,2]))"
"((46,65,71),([0,2,3,7,10],[0,3,4,7,9],[0,3,7,9,10]),([1,2,2,2,3,0],[1,1,3,2,2,1],[1,2,3,1,2,1]),(7,[1,5,6,8,11]),((154,[0,2,3,4,7,9,10]),[3,4,4,3,5,2]))"
"((46,65,68),([0,2,3,7,10],[0,3,4,7,10],[0,2,3,7,9]),([1,2,2,2,3,0],[1,1,3,2,2,1],[1,2,2,1,3,1]),(7,[1,5,6,8,11]),((154,[0,2,3,4,7,9,10]),[3,4,4,3,5,2]))"
"((46,65,65),([0,2,3,7,10],[0,3,4,7,10],[0,3,4,7,9]),([1,2,2,2,3,0],[1,1,3,2,2,1],[1,1,3,2,2,1]),(7,[1,5,6,8,11]),((154,[0,2,3,4,7,9,10]),[3,4,4,3,5,2]))"
"((46,65,71),([0,2,3,7,10],[0,3,4,7,10],[0,3,7,9,10]),([1,2,2,2,3,0],[1,1,3,2,2,1],[1,2,3,1,2,1]),(7,[1,5,6,8,11]),((154,[0,2,3,4,7,9,10]),[3,4,4,3,5,2]))"
"((61,65,73),([0,3,5,7,9],[0,3,4,7,9],[0,1,3,5,7]),([0,3,2,2,2,1],[1,1,3,2,2,1],[1,3,1,2,2,1]),(7,[2,6,8,10,11]),((156,[0,1,3,4,5,7,9]),[3,4,4,5,3,2]))"
"((46,65,65),([0,3,7,8,10],[0,3,6,7,10],[0,3,4,7,10]),([1,2,2,2,3,0],[1,1,3,2,2,1],[1,1,3,2,2,1]),(7,[1,2,5,9,11]),((156,[0,3,4,6,7,8,10]),[3,4,4,5,3,2]))"
"((46,65,65),([0,3,7,8,10],[0,3,4,7,10],[0,3,6,7,10]),([1,2,2,2,3,0],[1,1,3,2,2,1],[1,1,3,2,2,1]),(7,[1,2,5,9,11]),((156,[0,3,4,6,7,8,10]),[3,4,4,5,3,2]))"
"((46,61,67),([0,3,5,7,8],[0,3,5,7,9],[0,3,5,7,11]),([1,2,2,2,3,0],[0,3,2,2,2,1],[1,2,1,3,2,1]),(7,[1,2,4,6,10]),((156,[0,3,5,7,8,9,11]),[3,4,4,5,3,2]))"
"((46,65,65),([0,2,3,7,10],[0,3,6,7,10],[0,3,4,7,10]),([1,2,2,2,3,0],[1,1,3,2,2,1],[1,1,3,2,2,1]),(7,[1,5,8,9,11]),((156,[0,2,3,4,6,7,10]),[3,4,4,5,3,2]))"
"((46,65,65),([0,2,3,7,10],[0,3,4,7,10],[0,3,6,7,10]),([1,2,2,2,3,0],[1,1,3,2,2,1],[1,1,3,2,2,1]),(7,[1,5,8,9,11]),((156,[0,2,3,4,6,7,10]),[3,4,4,5,3,2]))"
"((61,65,71),([0,3,5,7,9],[0,3,6,7,10],[0,3,7,9,10]),([0,3,2,2,2,1],[1,1,3,2,2,1],[1,2,3,1,2,1]),(7,[1,2,4,8,11]),((157,[0,3,5,6,7,9,10]),[3,4,5,3,4,2]))"
"((37,61,65),([0,3,5,7,10],[0,3,5,7,9],[0,3,6,7,10]),([0,3,2,1,4,0],[0,3,2,2,2,1],[1,1,3,2,2,1]),(7,[1,2,4,8,11]),((157,[0,3,5,6,7,9,10]),[3,4,5,3,4,2]))"
"((37,65,71),([0,3,5,7,10],[0,3,6,7,10],[0,3,7,9,10]),([0,3,2,1,4,0],[1,1,3,2,2,1],[1,2,3,1,2,1]),(7,[1,2,4,8,11]),((157,[0,3,5,6,7,9,10]),[3,4,5,3,4,2]))"
"((37,65,71),([0,3,5,7,10],[0,3,4,7,10],[0,1,3,7,10]),([0,3,2,1,4,0],[1,1,3,2,2,1],[1,2,3,1,2,1]),(7,[2,6,8,9,11]),((157,[0,1,3,4,5,7,10]),[3,4,5,3,4,2]))"
"((37,65,73),([0,3,5,7,10],[0,3,4,7,10],[0,1,3,5,7]),([0,3,2,1,4,0],[1,1,3,2,2,1],[1,3,1,2,2,1]),(7,[2,6,8,9,11]),((157,[0,1,3,4,5,7,10]),[3,4,5,3,4,2]))"
"((65,71,73),([0,3,4,7,10],[0,1,3,7,10],[0,1,3,5,7]),([1,1,3,2,2,1],[1,2,3,1,2,1],[1,3,1,2,2,1]),(7,[2,6,8,9,11]),((157,[0,1,3,4,5,7,10]),[3,4,5,3,4,2]))"
"((61,68,73),([0,3,5,7,9],[0,2,3,7,9],[0,1,3,5,7]),([0,3,2,2,2,1],[1,2,2,1,3,1],[1,3,1,2,2,1]),(7,[4,6,8,10,11]),((159,[0,1,2,3,5,7,9]),[3,5,3,4,4,2]))"
"((61,67,71),([0,3,5,7,9],[0,3,5,7,11],[0,3,7,9,10]),([0,3,2,2,2,1],[1,2,1,3,2,1],[1,2,3,1,2,1]),(7,[1,2,4,6,8]),((159,[0,3,5,7,9,10,11]),[3,5,3,4,4,2]))"
"((37,61,67),([0,3,5,7,10],[0,3,5,7,9],[0,3,5,7,11]),([0,3,2,1,4,0],[0,3,2,2,2,1],[1,2,1,3,2,1]),(7,[1,2,4,6,8]),((159,[0,3,5,7,9,10,11]),[3,5,3,4,4,2]))"
"((37,67,71),([0,3,5,7,10],[0,3,5,7,11],[0,1,3,7,10]),([0,3,2,1,4,0],[1,2,1,3,2,1],[1,2,3,1,2,1]),(7,[2,4,6,8,9]),((159,[0,1,3,5,7,10,11]),[3,5,3,4,4,2]))"
"((37,67,71),([0,3,5,7,10],[0,3,5,7,11],[0,3,7,9,10]),([0,3,2,1,4,0],[1,2,1,3,2,1],[1,2,3,1,2,1]),(7,[1,2,4,6,8]),((159,[0,3,5,7,9,10,11]),[3,5,3,4,4,2]))"
"((37,67,73),([0,3,5,7,10],[0,3,5,7,11],[0,1,3,5,7]),([0,3,2,1,4,0],[1,2,1,3,2,1],[1,3,1,2,2,1]),(7,[2,4,6,8,9]),((159,[0,1,3,5,7,10,11]),[3,5,3,4,4,2]))"
"((52,61,73),([0,2,3,5,7],[0,3,5,7,9],[0,1,3,5,7]),([1,3,2,1,3,0],[0,3,2,2,2,1],[1,3,1,2,2,1]),(7,[4,6,8,10,11]),((159,[0,1,2,3,5,7,9]),[3,5,3,4,4,2]))"
"((52,68,73),([0,2,3,5,7],[0,2,3,7,9],[0,1,3,5,7]),([1,3,2,1,3,0],[1,2,2,1,3,1],[1,3,1,2,2,1]),(7,[4,6,8,10,11]),((159,[0,1,2,3,5,7,9]),[3,5,3,4,4,2]))"
"((67,71,73),([0,3,5,7,11],[0,1,3,7,10],[0,1,3,5,7]),([1,2,1,3,2,1],[1,2,3,1,2,1],[1,3,1,2,2,1]),(7,[2,4,6,8,9]),((159,[0,1,3,5,7,10,11]),[3,5,3,4,4,2]))"
"((37,65,67),([0,3,5,7,10],[0,3,6,7,10],[0,3,5,7,11]),([0,3,2,1,4,0],[1,1,3,2,2,1],[1,2,1,3,2,1]),(7,[1,2,4,8,9]),((160,[0,3,5,6,7,10,11]),[4,3,3,4,5,2]))"
"((37,65,67),([0,3,5,7,10],[0,3,4,7,10],[0,3,5,7,11]),([0,3,2,1,4,0],[1,1,3,2,2,1],[1,2,1,3,2,1]),(7,[1,2,6,8,9]),((160,[0,3,4,5,7,10,11]),[4,3,3,4,5,2]))"
"((46,65,65),([0,3,7,8,10],[0,3,4,7,9],[0,3,4,7,10]),([1,2,2,2,3,0],[1,1,3,2,2,1],[1,1,3,2,2,1]),(7,[1,2,5,6,11]),((163,[0,3,4,7,8,9,10]),[4,3,4,4,4,2]))"
"((46,65,71),([0,3,7,8,10],[0,3,4,7,9],[0,3,7,9,10]),([1,2,2,2,3,0],[1,1,3,2,2,1],[1,2,3,1,2,1]),(7,[1,2,5,6,11]),((163,[0,3,4,7,8,9,10]),[4,3,4,4,4,2]))"
"((46,65,65),([0,3,7,8,10],[0,3,4,7,10],[0,3,4,7,9]),([1,2,2,2,3,0],[1,1,3,2,2,1],[1,1,3,2,2,1]),(7,[1,2,5,6,11]),((163,[0,3,4,7,8,9,10]),[4,3,4,4,4,2]))"
"((46,65,71),([0,3,7,8,10],[0,3,4,7,10],[0,3,7,9,10]),([1,2,2,2,3,0],[1,1,3,2,2,1],[1,2,3,1,2,1]),(7,[1,2,5,6,11]),((163,[0,3,4,7,8,9,10]),[4,3,4,4,4,2]))"
"((46,65,71),([0,2,3,7,10],[0,3,6,7,10],[0,1,3,7,10]),([1,2,2,2,3,0],[1,1,3,2,2,1],[1,2,3,1,2,1]),(7,[4,5,8,9,11]),((163,[0,1,2,3,6,7,10]),[4,3,4,4,4,2]))"
"((46,68,71),([0,3,7,8,10],[0,2,3,7,9],[0,3,7,9,10]),([1,2,2,2,3,0],[1,2,2,1,3,1],[1,2,3,1,2,1]),(7,[1,4,5,6,11]),((166,[0,2,3,7,8,9,10]),[4,4,3,3,5,2]))"
"((46,46,68),([0,3,7,8,10],[0,2,3,7,10],[0,2,3,7,9]),([1,2,2,2,3,0],[1,2,2,2,3,0],[1,2,2,1,3,1]),(7,[1,4,5,6,11]),((166,[0,2,3,7,8,9,10]),[4,4,3,3,5,2]))"
"((46,46,71),([0,3,7,8,10],[0,2,3,7,10],[0,1,3,7,10]),([1,2,2,2,3,0],[1,2,2,2,3,0],[1,2,3,1,2,1]),(7,[4,5,6,9,11]),((166,[0,1,2,3,7,8,10]),[4,4,3,3,5,2]))"
"((46,46,71),([0,3,7,8,10],[0,2,3,7,10],[0,3,7,9,10]),([1,2,2,2,3,0],[1,2,2,2,3,0],[1,2,3,1,2,1]),(7,[1,4,5,6,11]),((166,[0,2,3,7,8,9,10]),[4,4,3,3,5,2]))"
"((46,52,73),([0,3,5,7,8],[0,2,3,5,7],[0,1,3,5,7]),([1,2,2,2,3,0],[1,3,2,1,3,0],[1,3,1,2,2,1]),(7,[4,6,9,10,11]),((166,[0,1,2,3,5,7,8]),[4,4,3,3,5,2]))"
"((46,46,68),([0,2,3,7,10],[0,3,7,8,10],[0,2,3,7,9]),([1,2,2,2,3,0],[1,2,2,2,3,0],[1,2,2,1,3,1]),(7,[1,4,5,6,11]),((166,[0,2,3,7,8,9,10]),[4,4,3,3,5,2]))"
"((46,46,71),([0,2,3,7,10],[0,3,7,8,10],[0,1,3,7,10]),([1,2,2,2,3,0],[1,2,2,2,3,0],[1,2,3,1,2,1]),(7,[4,5,6,9,11]),((166,[0,1,2,3,7,8,10]),[4,4,3,3,5,2]))"
"((46,46,71),([0,2,3,7,10],[0,3,7,8,10],[0,3,7,9,10]),([1,2,2,2,3,0],[1,2,2,2,3,0],[1,2,3,1,2,1]),(7,[1,4,5,6,11]),((166,[0,2,3,7,8,9,10]),[4,4,3,3,5,2]))"
"((46,71,71),([0,3,7,8,10],[0,1,3,7,10],[0,3,7,9,10]),([1,2,2,2,3,0],[1,2,3,1,2,1],[1,2,3,1,2,1]),(7,[2,4,5,6,11]),((169,[0,1,3,7,8,9,10]),[4,4,4,3,4,2]))"
"((46,71,71),([0,3,7,8,10],[0,3,7,9,10],[0,1,3,7,10]),([1,2,2,2,3,0],[1,2,3,1,2,1],[1,2,3,1,2,1]),(7,[2,4,5,6,11]),((169,[0,1,3,7,8,9,10]),[4,4,4,3,4,2]))"
"((37,65,65),([0,3,5,7,10],[0,3,6,7,10],[0,3,4,7,10]),([0,3,2,1,4,0],[1,1,3,2,2,1],[1,1,3,2,2,1]),(7,[1,2,8,9,11]),((169,[0,3,4,5,6,7,10]),[4,4,4,3,4,2]))"
"((37,65,65),([0,3,5,7,10],[0,3,4,7,10],[0,3,6,7,10]),([0,3,2,1,4,0],[1,1,3,2,2,1],[1,1,3,2,2,1]),(7,[1,2,8,9,11]),((169,[0,3,4,5,6,7,10]),[4,4,4,3,4,2]))"
"((68,71,71),([0,2,3,7,9],[0,1,3,7,10],[0,3,7,9,10]),([1,2,2,1,3,1],[1,2,3,1,2,1],[1,2,3,1,2,1]),(7,[4,5,6,8,11]),((169,[0,1,2,3,7,9,10]),[4,4,4,3,4,2]))"
"((68,71,71),([0,2,3,7,9],[0,3,7,9,10],[0,1,3,7,10]),([1,2,2,1,3,1],[1,2,3,1,2,1],[1,2,3,1,2,1]),(7,[4,5,6,8,11]),((169,[0,1,2,3,7,9,10]),[4,4,4,3,4,2]))"
"((46,68,71),([0,2,3,7,10],[0,2,3,7,9],[0,1,3,7,10]),([1,2,2,2,3,0],[1,2,2,1,3,1],[1,2,3,1,2,1]),(7,[4,5,6,8,11]),((169,[0,1,2,3,7,9,10]),[4,4,4,3,4,2]))"
"((46,71,71),([0,2,3,7,10],[0,1,3,7,10],[0,3,7,9,10]),([1,2,2,2,3,0],[1,2,3,1,2,1],[1,2,3,1,2,1]),(7,[4,5,6,8,11]),((169,[0,1,2,3,7,9,10]),[4,4,4,3,4,2]))"
"((46,71,71),([0,2,3,7,10],[0,3,7,9,10],[0,1,3,7,10]),([1,2,2,2,3,0],[1,2,3,1,2,1],[1,2,3,1,2,1]),(7,[4,5,6,8,11]),((169,[0,1,2,3,7,9,10]),[4,4,4,3,4,2]))"
"((46,65,71),([0,3,7,8,10],[0,3,6,7,10],[0,3,7,9,10]),([1,2,2,2,3,0],[1,1,3,2,2,1],[1,2,3,1,2,1]),(7,[1,2,4,5,11]),((172,[0,3,6,7,8,9,10]),[4,4,5,3,3,2]))"
"((46,65,71),([0,2,3,7,10],[0,3,4,7,10],[0,1,3,7,10]),([1,2,2,2,3,0],[1,1,3,2,2,1],[1,2,3,1,2,1]),(7,[5,6,8,9,11]),((172,[0,1,2,3,4,7,10]),[4,4,5,3,3,2]))"
"((61,67,73),([0,3,5,7,9],[0,3,5,7,11],[0,1,3,5,7]),([0,3,2,2,2,1],[1,2,1,3,2,1],[1,3,1,2,2,1]),(7,[2,4,6,8,10]),((173,[0,1,3,5,7,9,11]),[2,6,2,6,2,3]))"
"((52,67,73),([0,2,3,5,7],[0,3,5,7,11],[0,1,3,5,7]),([1,3,2,1,3,0],[1,2,1,3,2,1],[1,3,1,2,2,1]),(7,[4,6,8,9,10]),((174,[0,1,2,3,5,7,11]),[4,5,3,4,3,2]))"
"((65,71,71),([0,3,4,7,9],[0,1,3,7,10],[0,3,7,9,10]),([1,1,3,2,2,1],[1,2,3,1,2,1],[1,2,3,1,2,1]),(7,[2,5,6,8,11]),((176,[0,1,3,4,7,9,10]),[3,3,6,3,3,3]))"
"((65,65,65),([0,3,4,7,9],[0,3,6,7,10],[0,3,4,7,10]),([1,1,3,2,2,1],[1,1,3,2,2,1],[1,1,3,2,2,1]),(7,[1,2,5,8,11]),((176,[0,3,4,6,7,9,10]),[3,3,6,3,3,3]))"
"((65,65,71),([0,3,4,7,9],[0,3,6,7,10],[0,3,7,9,10]),([1,1,3,2,2,1],[1,1,3,2,2,1],[1,2,3,1,2,1]),(7,[1,2,5,8,11]),((176,[0,3,4,6,7,9,10]),[3,3,6,3,3,3]))"
"((65,65,71),([0,3,4,7,9],[0,3,4,7,10],[0,1,3,7,10]),([1,1,3,2,2,1],[1,1,3,2,2,1],[1,2,3,1,2,1]),(7,[2,5,6,8,11]),((176,[0,1,3,4,7,9,10]),[3,3,6,3,3,3]))"
"((65,65,65),([0,3,4,7,9],[0,3,4,7,10],[0,3,6,7,10]),([1,1,3,2,2,1],[1,1,3,2,2,1],[1,1,3,2,2,1]),(7,[1,2,5,8,11]),((176,[0,3,4,6,7,9,10]),[3,3,6,3,3,3]))"
"((65,71,71),([0,3,4,7,9],[0,3,7,9,10],[0,1,3,7,10]),([1,1,3,2,2,1],[1,2,3,1,2,1],[1,2,3,1,2,1]),(7,[2,5,6,8,11]),((176,[0,1,3,4,7,9,10]),[3,3,6,3,3,3]))"
"((65,71,71),([0,3,6,7,10],[0,1,3,7,10],[0,3,7,9,10]),([1,1,3,2,2,1],[1,2,3,1,2,1],[1,2,3,1,2,1]),(7,[2,4,5,8,11]),((176,[0,1,3,6,7,9,10]),[3,3,6,3,3,3]))"
"((65,65,65),([0,3,6,7,10],[0,3,4,7,9],[0,3,4,7,10]),([1,1,3,2,2,1],[1,1,3,2,2,1],[1,1,3,2,2,1]),(7,[1,2,5,8,11]),((176,[0,3,4,6,7,9,10]),[3,3,6,3,3,3]))"
"((65,65,71),([0,3,6,7,10],[0,3,4,7,9],[0,3,7,9,10]),([1,1,3,2,2,1],[1,1,3,2,2,1],[1,2,3,1,2,1]),(7,[1,2,5,8,11]),((176,[0,3,4,6,7,9,10]),[3,3,6,3,3,3]))"
"((65,65,71),([0,3,6,7,10],[0,3,4,7,10],[0,1,3,7,10]),([1,1,3,2,2,1],[1,1,3,2,2,1],[1,2,3,1,2,1]),(7,[2,5,8,9,11]),((176,[0,1,3,4,6,7,10]),[3,3,6,3,3,3]))"
"((65,65,65),([0,3,6,7,10],[0,3,4,7,10],[0,3,4,7,9]),([1,1,3,2,2,1],[1,1,3,2,2,1],[1,1,3,2,2,1]),(7,[1,2,5,8,11]),((176,[0,3,4,6,7,9,10]),[3,3,6,3,3,3]))"
"((65,65,71),([0,3,6,7,10],[0,3,4,7,10],[0,3,7,9,10]),([1,1,3,2,2,1],[1,1,3,2,2,1],[1,2,3,1,2,1]),(7,[1,2,5,8,11]),((176,[0,3,4,6,7,9,10]),[3,3,6,3,3,3]))"
"((65,71,71),([0,3,6,7,10],[0,3,7,9,10],[0,1,3,7,10]),([1,1,3,2,2,1],[1,2,3,1,2,1],[1,2,3,1,2,1]),(7,[2,4,5,8,11]),((176,[0,1,3,6,7,9,10]),[3,3,6,3,3,3]))"
"((65,71,71),([0,3,4,7,10],[0,1,3,7,10],[0,3,7,9,10]),([1,1,3,2,2,1],[1,2,3,1,2,1],[1,2,3,1,2,1]),(7,[2,5,6,8,11]),((176,[0,1,3,4,7,9,10]),[3,3,6,3,3,3]))"
"((65,65,71),([0,3,4,7,10],[0,3,4,7,9],[0,1,3,7,10]),([1,1,3,2,2,1],[1,1,3,2,2,1],[1,2,3,1,2,1]),(7,[2,5,6,8,11]),((176,[0,1,3,4,7,9,10]),[3,3,6,3,3,3]))"
"((65,65,65),([0,3,4,7,10],[0,3,4,7,9],[0,3,6,7,10]),([1,1,3,2,2,1],[1,1,3,2,2,1],[1,1,3,2,2,1]),(7,[1,2,5,8,11]),((176,[0,3,4,6,7,9,10]),[3,3,6,3,3,3]))"
"((65,65,71),([0,3,4,7,10],[0,3,6,7,10],[0,1,3,7,10]),([1,1,3,2,2,1],[1,1,3,2,2,1],[1,2,3,1,2,1]),(7,[2,5,8,9,11]),((176,[0,1,3,4,6,7,10]),[3,3,6,3,3,3]))"
"((65,65,65),([0,3,4,7,10],[0,3,6,7,10],[0,3,4,7,9]),([1,1,3,2,2,1],[1,1,3,2,2,1],[1,1,3,2,2,1]),(7,[1,2,5,8,11]),((176,[0,3,4,6,7,9,10]),[3,3,6,3,3,3]))"
"((65,65,71),([0,3,4,7,10],[0,3,6,7,10],[0,3,7,9,10]),([1,1,3,2,2,1],[1,1,3,2,2,1],[1,2,3,1,2,1]),(7,[1,2,5,8,11]),((176,[0,3,4,6,7,9,10]),[3,3,6,3,3,3]))"
"((65,71,71),([0,3,4,7,10],[0,3,7,9,10],[0,1,3,7,10]),([1,1,3,2,2,1],[1,2,3,1,2,1],[1,2,3,1,2,1]),(7,[2,5,6,8,11]),((176,[0,1,3,4,7,9,10]),[3,3,6,3,3,3]))"
"((61,65,68),([0,3,5,7,9],[0,3,6,7,10],[0,2,3,7,9]),([0,3,2,2,2,1],[1,1,3,2,2,1],[1,2,2,1,3,1]),(8,[1,4,8,11]),((191,[0,2,3,5,6,7,9,10]),[4,5,6,5,6,2]))"
"((46,52,67),([0,3,7,8,10],[0,2,3,5,7],[0,3,5,7,11]),([1,2,2,2,3,0],[1,3,2,1,3,0],[1,2,1,3,2,1]),(8,[1,4,6,9]),((191,[0,2,3,5,7,8,10,11]),[4,5,6,5,6,2]))"
"((46,65,73),([0,3,7,8,10],[0,3,4,7,10],[0,1,3,5,7]),([1,2,2,2,3,0],[1,1,3,2,2,1],[1,3,1,2,2,1]),(8,[2,6,9,11]),((191,[0,1,3,4,5,7,8,10]),[4,5,6,5,6,2]))"
"((46,46,67),([0,3,7,8,10],[0,2,3,7,10],[0,3,5,7,11]),([1,2,2,2,3,0],[1,2,2,2,3,0],[1,2,1,3,2,1]),(8,[1,4,6,9]),((191,[0,2,3,5,7,8,10,11]),[4,5,6,5,6,2]))"
"((37,65,68),([0,3,5,7,10],[0,3,6,7,10],[0,2,3,7,9]),([0,3,2,1,4,0],[1,1,3,2,2,1],[1,2,2,1,3,1]),(8,[1,4,8,11]),((191,[0,2,3,5,6,7,9,10]),[4,5,6,5,6,2]))"
"((52,61,65),([0,2,3,5,7],[0,3,5,7,9],[0,3,6,7,10]),([1,3,2,1,3,0],[0,3,2,2,2,1],[1,1,3,2,2,1]),(8,[1,4,8,11]),((191,[0,2,3,5,6,7,9,10]),[4,5,6,5,6,2]))"
"((52,65,68),([0,2,3,5,7],[0,3,6,7,10],[0,2,3,7,9]),([1,3,2,1,3,0],[1,1,3,2,2,1],[1,2,2,1,3,1]),(8,[1,4,8,11]),((191,[0,2,3,5,6,7,9,10]),[4,5,6,5,6,2]))"
"((52,65,71),([0,2,3,5,7],[0,3,6,7,10],[0,3,7,9,10]),([1,3,2,1,3,0],[1,1,3,2,2,1],[1,2,3,1,2,1]),(8,[1,4,8,11]),((191,[0,2,3,5,6,7,9,10]),[4,5,6,5,6,2]))"
"((46,65,71),([0,3,5,7,8],[0,3,4,7,10],[0,1,3,7,10]),([1,2,2,2,3,0],[1,1,3,2,2,1],[1,2,3,1,2,1]),(8,[2,6,9,11]),((191,[0,1,3,4,5,7,8,10]),[4,5,6,5,6,2]))"
"((46,65,73),([0,3,5,7,8],[0,3,4,7,10],[0,1,3,5,7]),([1,2,2,2,3,0],[1,1,3,2,2,1],[1,3,1,2,2,1]),(8,[2,6,9,11]),((191,[0,1,3,4,5,7,8,10]),[4,5,6,5,6,2]))"
"((46,46,67),([0,3,5,7,8],[0,2,3,7,10],[0,3,5,7,11]),([1,2,2,2,3,0],[1,2,2,2,3,0],[1,2,1,3,2,1]),(8,[1,4,6,9]),((191,[0,2,3,5,7,8,10,11]),[4,5,6,5,6,2]))"
"((46,61,65),([0,2,3,7,10],[0,3,5,7,9],[0,3,6,7,10]),([1,2,2,2,3,0],[0,3,2,2,2,1],[1,1,3,2,2,1]),(8,[1,4,8,11]),((191,[0,2,3,5,6,7,9,10]),[4,5,6,5,6,2]))"
"((46,46,67),([0,2,3,7,10],[0,3,7,8,10],[0,3,5,7,11]),([1,2,2,2,3,0],[1,2,2,2,3,0],[1,2,1,3,2,1]),(8,[1,4,6,9]),((191,[0,2,3,5,7,8,10,11]),[4,5,6,5,6,2]))"
"((46,46,67),([0,2,3,7,10],[0,3,5,7,8],[0,3,5,7,11]),([1,2,2,2,3,0],[1,2,2,2,3,0],[1,2,1,3,2,1]),(8,[1,4,6,9]),((191,[0,2,3,5,7,8,10,11]),[4,5,6,5,6,2]))"
"((61,65,68),([0,3,5,7,9],[0,3,4,7,10],[0,2,3,7,9]),([0,3,2,2,2,1],[1,1,3,2,2,1],[1,2,2,1,3,1]),(8,[1,6,8,11]),((194,[0,2,3,4,5,7,9,10]),[4,6,5,4,7,2]))"
"((46,61,68),([0,3,7,8,10],[0,3,5,7,9],[0,2,3,7,9]),([1,2,2,2,3,0],[0,3,2,2,2,1],[1,2,2,1,3,1]),(8,[1,4,6,11]),((194,[0,2,3,5,7,8,9,10]),[4,6,5,4,7,2]))"
"((46,52,61),([0,3,7,8,10],[0,2,3,5,7],[0,3,5,7,9]),([1,2,2,2,3,0],[1,3,2,1,3,0],[0,3,2,2,2,1]),(8,[1,4,6,11]),((194,[0,2,3,5,7,8,9,10]),[4,6,5,4,7,2]))"
"((46,52,68),([0,3,7,8,10],[0,2,3,5,7],[0,2,3,7,9]),([1,2,2,2,3,0],[1,3,2,1,3,0],[1,2,2,1,3,1]),(8,[1,4,6,11]),((194,[0,2,3,5,7,8,9,10]),[4,6,5,4,7,2]))"
"((46,52,71),([0,3,7,8,10],[0,2,3,5,7],[0,1,3,7,10]),([1,2,2,2,3,0],[1,3,2,1,3,0],[1,2,3,1,2,1]),(8,[4,6,9,11]),((194,[0,1,2,3,5,7,8,10]),[4,6,5,4,7,2]))"
"((46,52,71),([0,3,7,8,10],[0,2,3,5,7],[0,3,7,9,10]),([1,2,2,2,3,0],[1,3,2,1,3,0],[1,2,3,1,2,1]),(8,[1,4,6,11]),((194,[0,2,3,5,7,8,9,10]),[4,6,5,4,7,2]))"
"((46,52,73),([0,3,7,8,10],[0,2,3,5,7],[0,1,3,5,7]),([1,2,2,2,3,0],[1,3,2,1,3,0],[1,3,1,2,2,1]),(8,[4,6,9,11]),((194,[0,1,2,3,5,7,8,10]),[4,6,5,4,7,2]))"
"((46,65,73),([0,3,7,8,10],[0,3,6,7,10],[0,1,3,5,7]),([1,2,2,2,3,0],[1,1,3,2,2,1],[1,3,1,2,2,1]),(8,[2,4,9,11]),((194,[0,1,3,5,6,7,8,10]),[4,6,5,4,7,2]))"
"((46,46,68),([0,3,7,8,10],[0,3,5,7,8],[0,2,3,7,9]),([1,2,2,2,3,0],[1,2,2,2,3,0],[1,2,2,1,3,1]),(8,[1,4,6,11]),((194,[0,2,3,5,7,8,9,10]),[4,6,5,4,7,2]))"
"((46,46,61),([0,3,7,8,10],[0,2,3,7,10],[0,3,5,7,9]),([1,2,2,2,3,0],[1,2,2,2,3,0],[0,3,2,2,2,1]),(8,[1,4,6,11]),((194,[0,2,3,5,7,8,9,10]),[4,6,5,4,7,2]))"
"((46,46,73),([0,3,7,8,10],[0,2,3,7,10],[0,1,3,5,7]),([1,2,2,2,3,0],[1,2,2,2,3,0],[1,3,1,2,2,1]),(8,[4,6,9,11]),((194,[0,1,2,3,5,7,8,10]),[4,6,5,4,7,2]))"
"((37,46,68),([0,3,5,7,10],[0,3,7,8,10],[0,2,3,7,9]),([0,3,2,1,4,0],[1,2,2,2,3,0],[1,2,2,1,3,1]),(8,[1,4,6,11]),((194,[0,2,3,5,7,8,9,10]),[4,6,5,4,7,2]))"
"((37,52,65),([0,3,5,7,10],[0,2,3,5,7],[0,3,4,7,9]),([0,3,2,1,4,0],[1,3,2,1,3,0],[1,1,3,2,2,1]),(8,[1,6,8,11]),((194,[0,2,3,4,5,7,9,10]),[4,6,5,4,7,2]))"
"((37,65,68),([0,3,5,7,10],[0,3,4,7,9],[0,2,3,7,9]),([0,3,2,1,4,0],[1,1,3,2,2,1],[1,2,2,1,3,1]),(8,[1,6,8,11]),((194,[0,2,3,4,5,7,9,10]),[4,6,5,4,7,2]))"
"((37,65,68),([0,3,5,7,10],[0,3,4,7,10],[0,2,3,7,9]),([0,3,2,1,4,0],[1,1,3,2,2,1],[1,2,2,1,3,1]),(8,[1,6,8,11]),((194,[0,2,3,4,5,7,9,10]),[4,6,5,4,7,2]))"
"((37,46,68),([0,3,5,7,10],[0,3,5,7,8],[0,2,3,7,9]),([0,3,2,1,4,0],[1,2,2,2,3,0],[1,2,2,1,3,1]),(8,[1,4,6,11]),((194,[0,2,3,5,7,8,9,10]),[4,6,5,4,7,2]))"
"((37,46,65),([0,3,5,7,10],[0,2,3,7,10],[0,3,4,7,9]),([0,3,2,1,4,0],[1,2,2,2,3,0],[1,1,3,2,2,1]),(8,[1,6,8,11]),((194,[0,2,3,4,5,7,9,10]),[4,6,5,4,7,2]))"
"((52,61,65),([0,2,3,5,7],[0,3,5,7,9],[0,3,4,7,10]),([1,3,2,1,3,0],[0,3,2,2,2,1],[1,1,3,2,2,1]),(8,[1,6,8,11]),((194,[0,2,3,4,5,7,9,10]),[4,6,5,4,7,2]))"
"((52,65,65),([0,2,3,5,7],[0,3,4,7,9],[0,3,4,7,10]),([1,3,2,1,3,0],[1,1,3,2,2,1],[1,1,3,2,2,1]),(8,[1,6,8,11]),((194,[0,2,3,4,5,7,9,10]),[4,6,5,4,7,2]))"
"((52,65,71),([0,2,3,5,7],[0,3,4,7,9],[0,3,7,9,10]),([1,3,2,1,3,0],[1,1,3,2,2,1],[1,2,3,1,2,1]),(8,[1,6,8,11]),((194,[0,2,3,4,5,7,9,10]),[4,6,5,4,7,2]))"
"((52,65,68),([0,2,3,5,7],[0,3,4,7,10],[0,2,3,7,9]),([1,3,2,1,3,0],[1,1,3,2,2,1],[1,2,2,1,3,1]),(8,[1,6,8,11]),((194,[0,2,3,4,5,7,9,10]),[4,6,5,4,7,2]))"
"((52,65,65),([0,2,3,5,7],[0,3,4,7,10],[0,3,4,7,9]),([1,3,2,1,3,0],[1,1,3,2,2,1],[1,1,3,2,2,1]),(8,[1,6,8,11]),((194,[0,2,3,4,5,7,9,10]),[4,6,5,4,7,2]))"
"((52,65,71),([0,2,3,5,7],[0,3,4,7,10],[0,3,7,9,10]),([1,3,2,1,3,0],[1,1,3,2,2,1],[1,2,3,1,2,1]),(8,[1,6,8,11]),((194,[0,2,3,4,5,7,9,10]),[4,6,5,4,7,2]))"
"((46,46,68),([0,3,5,7,8],[0,3,7,8,10],[0,2,3,7,9]),([1,2,2,2,3,0],[1,2,2,2,3,0],[1,2,2,1,3,1]),(8,[1,4,6,11]),((194,[0,2,3,5,7,8,9,10]),[4,6,5,4,7,2]))"
"((46,52,71),([0,3,5,7,8],[0,2,3,5,7],[0,1,3,7,10]),([1,2,2,2,3,0],[1,3,2,1,3,0],[1,2,3,1,2,1]),(8,[4,6,9,11]),((194,[0,1,2,3,5,7,8,10]),[4,6,5,4,7,2]))"
"((46,52,71),([0,3,5,7,8],[0,2,3,5,7],[0,3,7,9,10]),([1,2,2,2,3,0],[1,3,2,1,3,0],[1,2,3,1,2,1]),(8,[1,4,6,11]),((194,[0,2,3,5,7,8,9,10]),[4,6,5,4,7,2]))"
"((46,68,71),([0,3,5,7,8],[0,2,3,7,9],[0,3,7,9,10]),([1,2,2,2,3,0],[1,2,2,1,3,1],[1,2,3,1,2,1]),(8,[1,4,6,11]),((194,[0,2,3,5,7,8,9,10]),[4,6,5,4,7,2]))"
"((46,65,71),([0,3,5,7,8],[0,3,6,7,10],[0,1,3,7,10]),([1,2,2,2,3,0],[1,1,3,2,2,1],[1,2,3,1,2,1]),(8,[2,4,9,11]),((194,[0,1,3,5,6,7,8,10]),[4,6,5,4,7,2]))"
"((46,65,73),([0,3,5,7,8],[0,3,6,7,10],[0,1,3,5,7]),([1,2,2,2,3,0],[1,1,3,2,2,1],[1,3,1,2,2,1]),(8,[2,4,9,11]),((194,[0,1,3,5,6,7,8,10]),[4,6,5,4,7,2]))"
"((46,46,61),([0,3,5,7,8],[0,2,3,7,10],[0,3,5,7,9]),([1,2,2,2,3,0],[1,2,2,2,3,0],[0,3,2,2,2,1]),(8,[1,4,6,11]),((194,[0,2,3,5,7,8,9,10]),[4,6,5,4,7,2]))"
"((46,46,68),([0,3,5,7,8],[0,2,3,7,10],[0,2,3,7,9]),([1,2,2,2,3,0],[1,2,2,2,3,0],[1,2,2,1,3,1]),(8,[1,4,6,11]),((194,[0,2,3,5,7,8,9,10]),[4,6,5,4,7,2]))"
"((46,46,71),([0,3,5,7,8],[0,2,3,7,10],[0,1,3,7,10]),([1,2,2,2,3,0],[1,2,2,2,3,0],[1,2,3,1,2,1]),(8,[4,6,9,11]),((194,[0,1,2,3,5,7,8,10]),[4,6,5,4,7,2]))"
"((46,46,71),([0,3,5,7,8],[0,2,3,7,10],[0,3,7,9,10]),([1,2,2,2,3,0],[1,2,2,2,3,0],[1,2,3,1,2,1]),(8,[1,4,6,11]),((194,[0,2,3,5,7,8,9,10]),[4,6,5,4,7,2]))"
"((46,46,73),([0,3,5,7,8],[0,2,3,7,10],[0,1,3,5,7]),([1,2,2,2,3,0],[1,2,2,2,3,0],[1,3,1,2,2,1]),(8,[4,6,9,11]),((194,[0,1,2,3,5,7,8,10]),[4,6,5,4,7,2]))"
"((46,61,65),([0,2,3,7,10],[0,3,5,7,9],[0,3,4,7,9]),([1,2,2,2,3,0],[0,3,2,2,2,1],[1,1,3,2,2,1]),(8,[1,6,8,11]),((194,[0,2,3,4,5,7,9,10]),[4,6,5,4,7,2]))"
"((46,61,65),([0,2,3,7,10],[0,3,5,7,9],[0,3,4,7,10]),([1,2,2,2,3,0],[0,3,2,2,2,1],[1,1,3,2,2,1]),(8,[1,6,8,11]),((194,[0,2,3,4,5,7,9,10]),[4,6,5,4,7,2]))"
"((46,46,61),([0,2,3,7,10],[0,3,7,8,10],[0,3,5,7,9]),([1,2,2,2,3,0],[1,2,2,2,3,0],[0,3,2,2,2,1]),(8,[1,4,6,11]),((194,[0,2,3,5,7,8,9,10]),[4,6,5,4,7,2]))"
"((46,46,73),([0,2,3,7,10],[0,3,7,8,10],[0,1,3,5,7]),([1,2,2,2,3,0],[1,2,2,2,3,0],[1,3,1,2,2,1]),(8,[4,6,9,11]),((194,[0,1,2,3,5,7,8,10]),[4,6,5,4,7,2]))"
"((46,52,65),([0,2,3,7,10],[0,2,3,5,7],[0,3,4,7,9]),([1,2,2,2,3,0],[1,3,2,1,3,0],[1,1,3,2,2,1]),(8,[1,6,8,11]),((194,[0,2,3,4,5,7,9,10]),[4,6,5,4,7,2]))"
"((46,46,61),([0,2,3,7,10],[0,3,5,7,8],[0,3,5,7,9]),([1,2,2,2,3,0],[1,2,2,2,3,0],[0,3,2,2,2,1]),(8,[1,4,6,11]),((194,[0,2,3,5,7,8,9,10]),[4,6,5,4,7,2]))"
"((46,46,68),([0,2,3,7,10],[0,3,5,7,8],[0,2,3,7,9]),([1,2,2,2,3,0],[1,2,2,2,3,0],[1,2,2,1,3,1]),(8,[1,4,6,11]),((194,[0,2,3,5,7,8,9,10]),[4,6,5,4,7,2]))"
"((46,46,71),([0,2,3,7,10],[0,3,5,7,8],[0,1,3,7,10]),([1,2,2,2,3,0],[1,2,2,2,3,0],[1,2,3,1,2,1]),(8,[4,6,9,11]),((194,[0,1,2,3,5,7,8,10]),[4,6,5,4,7,2]))"
"((46,46,71),([0,2,3,7,10],[0,3,5,7,8],[0,3,7,9,10]),([1,2,2,2,3,0],[1,2,2,2,3,0],[1,2,3,1,2,1]),(8,[1,4,6,11]),((194,[0,2,3,5,7,8,9,10]),[4,6,5,4,7,2]))"
"((46,46,73),([0,2,3,7,10],[0,3,5,7,8],[0,1,3,5,7]),([1,2,2,2,3,0],[1,2,2,2,3,0],[1,3,1,2,2,1]),(8,[4,6,9,11]),((194,[0,1,2,3,5,7,8,10]),[4,6,5,4,7,2]))"
"((61,68,71),([0,3,5,7,9],[0,2,3,7,9],[0,1,3,7,10]),([0,3,2,2,2,1],[1,2,2,1,3,1],[1,2,3,1,2,1]),(8,[4,6,8,11]),((195,[0,1,2,3,5,7,9,10]),[4,6,5,5,6,2]))"
"((46,61,71),([0,3,7,8,10],[0,3,5,7,9],[0,1,3,7,10]),([1,2,2,2,3,0],[0,3,2,2,2,1],[1,2,3,1,2,1]),(8,[2,4,6,11]),((195,[0,1,3,5,7,8,9,10]),[4,6,5,5,6,2]))"
"((46,61,73),([0,3,7,8,10],[0,3,5,7,9],[0,1,3,5,7]),([1,2,2,2,3,0],[0,3,2,2,2,1],[1,3,1,2,2,1]),(8,[2,4,6,11]),((195,[0,1,3,5,7,8,9,10]),[4,6,5,5,6,2]))"
"((46,52,65),([0,3,7,8,10],[0,2,3,5,7],[0,3,6,7,10]),([1,2,2,2,3,0],[1,3,2,1,3,0],[1,1,3,2,2,1]),(8,[1,4,9,11]),((195,[0,2,3,5,6,7,8,10]),[4,6,5,5,6,2]))"
"((46,52,65),([0,3,7,8,10],[0,2,3,5,7],[0,3,4,7,10]),([1,2,2,2,3,0],[1,3,2,1,3,0],[1,1,3,2,2,1]),(8,[1,6,9,11]),((195,[0,2,3,4,5,7,8,10]),[4,6,5,5,6,2]))"
"((46,71,73),([0,3,7,8,10],[0,3,7,9,10],[0,1,3,5,7]),([1,2,2,2,3,0],[1,2,3,1,2,1],[1,3,1,2,2,1]),(8,[2,4,6,11]),((195,[0,1,3,5,7,8,9,10]),[4,6,5,5,6,2]))"
"((46,67,71),([0,3,7,8,10],[0,3,5,7,11],[0,1,3,7,10]),([1,2,2,2,3,0],[1,2,1,3,2,1],[1,2,3,1,2,1]),(8,[2,4,6,9]),((195,[0,1,3,5,7,8,10,11]),[4,6,5,5,6,2]))"
"((46,67,73),([0,3,7,8,10],[0,3,5,7,11],[0,1,3,5,7]),([1,2,2,2,3,0],[1,2,1,3,2,1],[1,3,1,2,2,1]),(8,[2,4,6,9]),((195,[0,1,3,5,7,8,10,11]),[4,6,5,5,6,2]))"
"((37,68,71),([0,3,5,7,10],[0,2,3,7,9],[0,1,3,7,10]),([0,3,2,1,4,0],[1,2,2,1,3,1],[1,2,3,1,2,1]),(8,[4,6,8,11]),((195,[0,1,2,3,5,7,9,10]),[4,6,5,5,6,2]))"
"((37,68,73),([0,3,5,7,10],[0,2,3,7,9],[0,1,3,5,7]),([0,3,2,1,4,0],[1,2,2,1,3,1],[1,3,1,2,2,1]),(8,[4,6,8,11]),((195,[0,1,2,3,5,7,9,10]),[4,6,5,5,6,2]))"
"((37,67,68),([0,3,5,7,10],[0,3,5,7,11],[0,2,3,7,9]),([0,3,2,1,4,0],[1,2,1,3,2,1],[1,2,2,1,3,1]),(8,[1,4,6,8]),((195,[0,2,3,5,7,9,10,11]),[4,6,5,5,6,2]))"
"((52,61,71),([0,2,3,5,7],[0,3,5,7,9],[0,1,3,7,10]),([1,3,2,1,3,0],[0,3,2,2,2,1],[1,2,3,1,2,1]),(8,[4,6,8,11]),((195,[0,1,2,3,5,7,9,10]),[4,6,5,5,6,2]))"
"((52,68,71),([0,2,3,5,7],[0,2,3,7,9],[0,1,3,7,10]),([1,3,2,1,3,0],[1,2,2,1,3,1],[1,2,3,1,2,1]),(8,[4,6,8,11]),((195,[0,1,2,3,5,7,9,10]),[4,6,5,5,6,2]))"
"((52,71,71),([0,2,3,5,7],[0,1,3,7,10],[0,3,7,9,10]),([1,3,2,1,3,0],[1,2,3,1,2,1],[1,2,3,1,2,1]),(8,[4,6,8,11]),((195,[0,1,2,3,5,7,9,10]),[4,6,5,5,6,2]))"
"((52,65,67),([0,2,3,5,7],[0,3,4,7,9],[0,3,5,7,11]),([1,3,2,1,3,0],[1,1,3,2,2,1],[1,2,1,3,2,1]),(8,[1,6,8,10]),((195,[0,2,3,4,5,7,9,11]),[4,6,5,5,6,2]))"
"((52,71,71),([0,2,3,5,7],[0,3,7,9,10],[0,1,3,7,10]),([1,3,2,1,3,0],[1,2,3,1,2,1],[1,2,3,1,2,1]),(8,[4,6,8,11]),((195,[0,1,2,3,5,7,9,10]),[4,6,5,5,6,2]))"
"((52,71,73),([0,2,3,5,7],[0,3,7,9,10],[0,1,3,5,7]),([1,3,2,1,3,0],[1,2,3,1,2,1],[1,3,1,2,2,1]),(8,[4,6,8,11]),((195,[0,1,2,3,5,7,9,10]),[4,6,5,5,6,2]))"
"((52,67,71),([0,2,3,5,7],[0,3,5,7,11],[0,3,7,9,10]),([1,3,2,1,3,0],[1,2,1,3,2,1],[1,2,3,1,2,1]),(8,[1,4,6,8]),((195,[0,2,3,5,7,9,10,11]),[4,6,5,5,6,2]))"
"((68,71,73),([0,2,3,7,9],[0,1,3,7,10],[0,1,3,5,7]),([1,2,2,1,3,1],[1,2,3,1,2,1],[1,3,1,2,2,1]),(8,[4,6,8,11]),((195,[0,1,2,3,5,7,9,10]),[4,6,5,5,6,2]))"
"((68,71,73),([0,2,3,7,9],[0,3,7,9,10],[0,1,3,5,7]),([1,2,2,1,3,1],[1,2,3,1,2,1],[1,3,1,2,2,1]),(8,[4,6,8,11]),((195,[0,1,2,3,5,7,9,10]),[4,6,5,5,6,2]))"
"((65,67,68),([0,3,4,7,9],[0,3,5,7,11],[0,2,3,7,9]),([1,1,3,2,2,1],[1,2,1,3,2,1],[1,2,2,1,3,1]),(8,[1,6,8,10]),((195,[0,2,3,4,5,7,9,11]),[4,6,5,5,6,2]))"
"((46,61,71),([0,3,5,7,8],[0,3,5,7,9],[0,1,3,7,10]),([1,2,2,2,3,0],[0,3,2,2,2,1],[1,2,3,1,2,1]),(8,[2,4,6,11]),((195,[0,1,3,5,7,8,9,10]),[4,6,5,5,6,2]))"
"((46,52,65),([0,3,5,7,8],[0,2,3,5,7],[0,3,6,7,10]),([1,2,2,2,3,0],[1,3,2,1,3,0],[1,1,3,2,2,1]),(8,[1,4,9,11]),((195,[0,2,3,5,6,7,8,10]),[4,6,5,5,6,2]))"
"((46,52,65),([0,3,5,7,8],[0,2,3,5,7],[0,3,4,7,10]),([1,2,2,2,3,0],[1,3,2,1,3,0],[1,1,3,2,2,1]),(8,[1,6,9,11]),((195,[0,2,3,4,5,7,8,10]),[4,6,5,5,6,2]))"
"((46,71,71),([0,3,5,7,8],[0,1,3,7,10],[0,3,7,9,10]),([1,2,2,2,3,0],[1,2,3,1,2,1],[1,2,3,1,2,1]),(8,[2,4,6,11]),((195,[0,1,3,5,7,8,9,10]),[4,6,5,5,6,2]))"
"((46,71,71),([0,3,5,7,8],[0,3,7,9,10],[0,1,3,7,10]),([1,2,2,2,3,0],[1,2,3,1,2,1],[1,2,3,1,2,1]),(8,[2,4,6,11]),((195,[0,1,3,5,7,8,9,10]),[4,6,5,5,6,2]))"
"((46,71,73),([0,3,5,7,8],[0,3,7,9,10],[0,1,3,5,7]),([1,2,2,2,3,0],[1,2,3,1,2,1],[1,3,1,2,2,1]),(8,[2,4,6,11]),((195,[0,1,3,5,7,8,9,10]),[4,6,5,5,6,2]))"
"((46,46,65),([0,3,5,7,8],[0,2,3,7,10],[0,3,6,7,10]),([1,2,2,2,3,0],[1,2,2,2,3,0],[1,1,3,2,2,1]),(8,[1,4,9,11]),((195,[0,2,3,5,6,7,8,10]),[4,6,5,5,6,2]))"
"((46,46,65),([0,3,5,7,8],[0,2,3,7,10],[0,3,4,7,10]),([1,2,2,2,3,0],[1,2,2,2,3,0],[1,1,3,2,2,1]),(8,[1,6,9,11]),((195,[0,2,3,4,5,7,8,10]),[4,6,5,5,6,2]))"
"((46,67,71),([0,3,5,7,8],[0,3,5,7,11],[0,1,3,7,10]),([1,2,2,2,3,0],[1,2,1,3,2,1],[1,2,3,1,2,1]),(8,[2,4,6,9]),((195,[0,1,3,5,7,8,10,11]),[4,6,5,5,6,2]))"
"((46,61,71),([0,2,3,7,10],[0,3,5,7,9],[0,1,3,7,10]),([1,2,2,2,3,0],[0,3,2,2,2,1],[1,2,3,1,2,1]),(8,[4,6,8,11]),((195,[0,1,2,3,5,7,9,10]),[4,6,5,5,6,2]))"
"((46,61,73),([0,2,3,7,10],[0,3,5,7,9],[0,1,3,5,7]),([1,2,2,2,3,0],[0,3,2,2,2,1],[1,3,1,2,2,1]),(8,[4,6,8,11]),((195,[0,1,2,3,5,7,9,10]),[4,6,5,5,6,2]))"
"((46,61,67),([0,2,3,7,10],[0,3,5,7,9],[0,3,5,7,11]),([1,2,2,2,3,0],[0,3,2,2,2,1],[1,2,1,3,2,1]),(8,[1,4,6,8]),((195,[0,2,3,5,7,9,10,11]),[4,6,5,5,6,2]))"
"((46,68,73),([0,2,3,7,10],[0,2,3,7,9],[0,1,3,5,7]),([1,2,2,2,3,0],[1,2,2,1,3,1],[1,3,1,2,2,1]),(8,[4,6,8,11]),((195,[0,1,2,3,5,7,9,10]),[4,6,5,5,6,2]))"
"((46,71,73),([0,2,3,7,10],[0,3,7,9,10],[0,1,3,5,7]),([1,2,2,2,3,0],[1,2,3,1,2,1],[1,3,1,2,2,1]),(8,[4,6,8,11]),((195,[0,1,2,3,5,7,9,10]),[4,6,5,5,6,2]))"
"((46,46,65),([0,2,3,7,10],[0,3,5,7,8],[0,3,6,7,10]),([1,2,2,2,3,0],[1,2,2,2,3,0],[1,1,3,2,2,1]),(8,[1,4,9,11]),((195,[0,2,3,5,6,7,8,10]),[4,6,5,5,6,2]))"
"((46,46,65),([0,2,3,7,10],[0,3,5,7,8],[0,3,4,7,10]),([1,2,2,2,3,0],[1,2,2,2,3,0],[1,1,3,2,2,1]),(8,[1,6,9,11]),((195,[0,2,3,4,5,7,8,10]),[4,6,5,5,6,2]))"
"((46,67,68),([0,2,3,7,10],[0,3,5,7,11],[0,2,3,7,9]),([1,2,2,2,3,0],[1,2,1,3,2,1],[1,2,2,1,3,1]),(8,[1,4,6,8]),((195,[0,2,3,5,7,9,10,11]),[4,6,5,5,6,2]))"
"((46,67,71),([0,2,3,7,10],[0,3,5,7,11],[0,3,7,9,10]),([1,2,2,2,3,0],[1,2,1,3,2,1],[1,2,3,1,2,1]),(8,[1,4,6,8]),((195,[0,2,3,5,7,9,10,11]),[4,6,5,5,6,2]))"
"((67,68,71),([0,3,5,7,11],[0,2,3,7,9],[0,3,7,9,10]),([1,2,1,3,2,1],[1,2,2,1,3,1],[1,2,3,1,2,1]),(8,[1,4,6,8]),((195,[0,2,3,5,7,9,10,11]),[4,6,5,5,6,2]))"
"((46,65,67),([0,3,7,8,10],[0,3,4,7,10],[0,3,5,7,11]),([1,2,2,2,3,0],[1,1,3,2,2,1],[1,2,1,3,2,1]),(8,[1,2,6,9]),((197,[0,3,4,5,7,8,10,11]),[5,4,5,6,6,2]))"
"((52,65,67),([0,2,3,5,7],[0,3,6,7,10],[0,3,5,7,11]),([1,3,2,1,3,0],[1,1,3,2,2,1],[1,2,1,3,2,1]),(8,[1,4,8,9]),((197,[0,2,3,5,6,7,10,11]),[5,4,5,6,6,2]))"
"((46,65,67),([0,3,5,7,8],[0,3,4,7,10],[0,3,5,7,11]),([1,2,2,2,3,0],[1,1,3,2,2,1],[1,2,1,3,2,1]),(8,[1,2,6,9]),((197,[0,3,4,5,7,8,10,11]),[5,4,5,6,6,2]))"
"((46,65,67),([0,2,3,7,10],[0,3,6,7,10],[0,3,5,7,11]),([1,2,2,2,3,0],[1,1,3,2,2,1],[1,2,1,3,2,1]),(8,[1,4,8,9]),((197,[0,2,3,5,6,7,10,11]),[5,4,5,6,6,2]))"
"((46,65,73),([0,3,5,7,8],[0,3,4,7,9],[0,1,3,5,7]),([1,2,2,2,3,0],[1,1,3,2,2,1],[1,3,1,2,2,1]),(8,[2,6,10,11]),((198,[0,1,3,4,5,7,8,9]),[5,4,5,7,5,2]))"
"((46,65,67),([0,3,5,7,8],[0,3,4,7,9],[0,3,5,7,11]),([1,2,2,2,3,0],[1,1,3,2,2,1],[1,2,1,3,2,1]),(8,[1,2,6,10]),((198,[0,3,4,5,7,8,9,11]),[5,4,5,7,5,2]))"
"((46,61,65),([0,3,7,8,10],[0,3,5,7,9],[0,3,4,7,9]),([1,2,2,2,3,0],[0,3,2,2,2,1],[1,1,3,2,2,1]),(8,[1,2,6,11]),((203,[0,3,4,5,7,8,9,10]),[5,5,5,5,6,2]))"
"((46,61,65),([0,3,7,8,10],[0,3,5,7,9],[0,3,4,7,10]),([1,2,2,2,3,0],[0,3,2,2,2,1],[1,1,3,2,2,1]),(8,[1,2,6,11]),((203,[0,3,4,5,7,8,9,10]),[5,5,5,5,6,2]))"
"((46,65,67),([0,3,7,8,10],[0,3,6,7,10],[0,3,5,7,11]),([1,2,2,2,3,0],[1,1,3,2,2,1],[1,2,1,3,2,1]),(8,[1,2,4,9]),((203,[0,3,5,6,7,8,10,11]),[5,5,5,5,6,2]))"
"((46,46,65),([0,3,7,8,10],[0,3,5,7,8],[0,3,4,7,9]),([1,2,2,2,3,0],[1,2,2,2,3,0],[1,1,3,2,2,1]),(8,[1,2,6,11]),((203,[0,3,4,5,7,8,9,10]),[5,5,5,5,6,2]))"
"((37,46,65),([0,3,5,7,10],[0,3,7,8,10],[0,3,4,7,9]),([0,3,2,1,4,0],[1,2,2,2,3,0],[1,1,3,2,2,1]),(8,[1,2,6,11]),((203,[0,3,4,5,7,8,9,10]),[5,5,5,5,6,2]))"
"((37,46,65),([0,3,5,7,10],[0,3,5,7,8],[0,3,4,7,9]),([0,3,2,1,4,0],[1,2,2,2,3,0],[1,1,3,2,2,1]),(8,[1,2,6,11]),((203,[0,3,4,5,7,8,9,10]),[5,5,5,5,6,2]))"
"((52,65,71),([0,2,3,5,7],[0,3,6,7,10],[0,1,3,7,10]),([1,3,2,1,3,0],[1,1,3,2,2,1],[1,2,3,1,2,1]),(8,[4,8,9,11]),((203,[0,1,2,3,5,6,7,10]),[5,5,5,5,6,2]))"
"((52,65,73),([0,2,3,5,7],[0,3,6,7,10],[0,1,3,5,7]),([1,3,2,1,3,0],[1,1,3,2,2,1],[1,3,1,2,2,1]),(8,[4,8,9,11]),((203,[0,1,2,3,5,6,7,10]),[5,5,5,5,6,2]))"
"((52,65,67),([0,2,3,5,7],[0,3,4,7,10],[0,3,5,7,11]),([1,3,2,1,3,0],[1,1,3,2,2,1],[1,2,1,3,2,1]),(8,[1,6,8,9]),((203,[0,2,3,4,5,7,10,11]),[5,5,5,5,6,2]))"
"((46,61,65),([0,3,5,7,8],[0,3,5,7,9],[0,3,4,7,10]),([1,2,2,2,3,0],[0,3,2,2,2,1],[1,1,3,2,2,1]),(8,[1,2,6,11]),((203,[0,3,4,5,7,8,9,10]),[5,5,5,5,6,2]))"
"((46,46,65),([0,3,5,7,8],[0,3,7,8,10],[0,3,4,7,9]),([1,2,2,2,3,0],[1,2,2,2,3,0],[1,1,3,2,2,1]),(8,[1,2,6,11]),((203,[0,3,4,5,7,8,9,10]),[5,5,5,5,6,2]))"
"((46,52,65),([0,3,5,7,8],[0,2,3,5,7],[0,3,4,7,9]),([1,2,2,2,3,0],[1,3,2,1,3,0],[1,1,3,2,2,1]),(8,[1,6,10,11]),((203,[0,2,3,4,5,7,8,9]),[5,5,5,5,6,2]))"
"((46,65,68),([0,3,5,7,8],[0,3,4,7,9],[0,2,3,7,9]),([1,2,2,2,3,0],[1,1,3,2,2,1],[1,2,2,1,3,1]),(8,[1,6,10,11]),((203,[0,2,3,4,5,7,8,9]),[5,5,5,5,6,2]))"
"((46,65,65),([0,3,5,7,8],[0,3,4,7,9],[0,3,4,7,10]),([1,2,2,2,3,0],[1,1,3,2,2,1],[1,1,3,2,2,1]),(8,[1,2,6,11]),((203,[0,3,4,5,7,8,9,10]),[5,5,5,5,6,2]))"
"((46,65,71),([0,3,5,7,8],[0,3,4,7,9],[0,3,7,9,10]),([1,2,2,2,3,0],[1,1,3,2,2,1],[1,2,3,1,2,1]),(8,[1,2,6,11]),((203,[0,3,4,5,7,8,9,10]),[5,5,5,5,6,2]))"
"((46,65,67),([0,3,5,7,8],[0,3,6,7,10],[0,3,5,7,11]),([1,2,2,2,3,0],[1,1,3,2,2,1],[1,2,1,3,2,1]),(8,[1,2,4,9]),((203,[0,3,5,6,7,8,10,11]),[5,5,5,5,6,2]))"
"((46,65,65),([0,3,5,7,8],[0,3,4,7,10],[0,3,4,7,9]),([1,2,2,2,3,0],[1,1,3,2,2,1],[1,1,3,2,2,1]),(8,[1,2,6,11]),((203,[0,3,4,5,7,8,9,10]),[5,5,5,5,6,2]))"
"((46,65,71),([0,3,5,7,8],[0,3,4,7,10],[0,3,7,9,10]),([1,2,2,2,3,0],[1,1,3,2,2,1],[1,2,3,1,2,1]),(8,[1,2,6,11]),((203,[0,3,4,5,7,8,9,10]),[5,5,5,5,6,2]))"
"((46,65,73),([0,2,3,7,10],[0,3,6,7,10],[0,1,3,5,7]),([1,2,2,2,3,0],[1,1,3,2,2,1],[1,3,1,2,2,1]),(8,[4,8,9,11]),((203,[0,1,2,3,5,6,7,10]),[5,5,5,5,6,2]))"
"((46,65,67),([0,2,3,7,10],[0,3,4,7,10],[0,3,5,7,11]),([1,2,2,2,3,0],[1,1,3,2,2,1],[1,2,1,3,2,1]),(8,[1,6,8,9]),((203,[0,2,3,4,5,7,10,11]),[5,5,5,5,6,2]))"
"((46,61,67),([0,3,7,8,10],[0,3,5,7,9],[0,3,5,7,11]),([1,2,2,2,3,0],[0,3,2,2,2,1],[1,2,1,3,2,1]),(8,[1,2,4,6]),((210,[0,3,5,7,8,9,10,11]),[5,6,5,5,5,2]))"
"((46,67,71),([0,3,7,8,10],[0,3,5,7,11],[0,3,7,9,10]),([1,2,2,2,3,0],[1,2,1,3,2,1],[1,2,3,1,2,1]),(8,[1,2,4,6]),((210,[0,3,5,7,8,9,10,11]),[5,6,5,5,5,2]))"
"((52,65,73),([0,2,3,5,7],[0,3,4,7,9],[0,1,3,5,7]),([1,3,2,1,3,0],[1,1,3,2,2,1],[1,3,1,2,2,1]),(8,[6,8,10,11]),((210,[0,1,2,3,4,5,7,9]),[5,6,5,5,5,2]))"
"((52,65,65),([0,2,3,5,7],[0,3,6,7,10],[0,3,4,7,10]),([1,3,2,1,3,0],[1,1,3,2,2,1],[1,1,3,2,2,1]),(8,[1,8,9,11]),((210,[0,2,3,4,5,6,7,10]),[5,6,5,5,5,2]))"
"((52,65,65),([0,2,3,5,7],[0,3,4,7,10],[0,3,6,7,10]),([1,3,2,1,3,0],[1,1,3,2,2,1],[1,1,3,2,2,1]),(8,[1,8,9,11]),((210,[0,2,3,4,5,6,7,10]),[5,6,5,5,5,2]))"
"((52,67,71),([0,2,3,5,7],[0,3,5,7,11],[0,1,3,7,10]),([1,3,2,1,3,0],[1,2,1,3,2,1],[1,2,3,1,2,1]),(8,[4,6,8,9]),((210,[0,1,2,3,5,7,10,11]),[5,6,5,5,5,2]))"
"((65,68,73),([0,3,4,7,9],[0,2,3,7,9],[0,1,3,5,7]),([1,1,3,2,2,1],[1,2,2,1,3,1],[1,3,1,2,2,1]),(8,[6,8,10,11]),((210,[0,1,2,3,4,5,7,9]),[5,6,5,5,5,2]))"
"((46,65,65),([0,3,5,7,8],[0,3,6,7,10],[0,3,4,7,10]),([1,2,2,2,3,0],[1,1,3,2,2,1],[1,1,3,2,2,1]),(8,[1,2,9,11]),((210,[0,3,4,5,6,7,8,10]),[5,6,5,5,5,2]))"
"((46,65,65),([0,3,5,7,8],[0,3,4,7,10],[0,3,6,7,10]),([1,2,2,2,3,0],[1,1,3,2,2,1],[1,1,3,2,2,1]),(8,[1,2,9,11]),((210,[0,3,4,5,6,7,8,10]),[5,6,5,5,5,2]))"
"((46,67,71),([0,3,5,7,8],[0,3,5,7,11],[0,3,7,9,10]),([1,2,2,2,3,0],[1,2,1,3,2,1],[1,2,3,1,2,1]),(8,[1,2,4,6]),((210,[0,3,5,7,8,9,10,11]),[5,6,5,5,5,2]))"
"((46,67,71),([0,2,3,7,10],[0,3,5,7,11],[0,1,3,7,10]),([1,2,2,2,3,0],[1,2,1,3,2,1],[1,2,3,1,2,1]),(8,[4,6,8,9]),((210,[0,1,2,3,5,7,10,11]),[5,6,5,5,5,2]))"
"((46,67,73),([0,2,3,7,10],[0,3,5,7,11],[0,1,3,5,7]),([1,2,2,2,3,0],[1,2,1,3,2,1],[1,3,1,2,2,1]),(8,[4,6,8,9]),((210,[0,1,2,3,5,7,10,11]),[5,6,5,5,5,2]))"
"((46,61,65),([0,3,7,8,10],[0,3,5,7,9],[0,3,6,7,10]),([1,2,2,2,3,0],[0,3,2,2,2,1],[1,1,3,2,2,1]),(8,[1,2,4,11]),((212,[0,3,5,6,7,8,9,10]),[5,6,6,4,5,2]))"
"((52,65,71),([0,2,3,5,7],[0,3,4,7,10],[0,1,3,7,10]),([1,3,2,1,3,0],[1,1,3,2,2,1],[1,2,3,1,2,1]),(8,[6,8,9,11]),((212,[0,1,2,3,4,5,7,10]),[5,6,6,4,5,2]))"
"((52,65,73),([0,2,3,5,7],[0,3,4,7,10],[0,1,3,5,7]),([1,3,2,1,3,0],[1,1,3,2,2,1],[1,3,1,2,2,1]),(8,[6,8,9,11]),((212,[0,1,2,3,4,5,7,10]),[5,6,6,4,5,2]))"
"((46,61,65),([0,3,5,7,8],[0,3,5,7,9],[0,3,6,7,10]),([1,2,2,2,3,0],[0,3,2,2,2,1],[1,1,3,2,2,1]),(8,[1,2,4,11]),((212,[0,3,5,6,7,8,9,10]),[5,6,6,4,5,2]))"
"((46,65,71),([0,3,5,7,8],[0,3,6,7,10],[0,3,7,9,10]),([1,2,2,2,3,0],[1,1,3,2,2,1],[1,2,3,1,2,1]),(8,[1,2,4,11]),((212,[0,3,5,6,7,8,9,10]),[5,6,6,4,5,2]))"
"((46,65,73),([0,2,3,7,10],[0,3,4,7,10],[0,1,3,5,7]),([1,2,2,2,3,0],[1,1,3,2,2,1],[1,3,1,2,2,1]),(8,[6,8,9,11]),((212,[0,1,2,3,4,5,7,10]),[5,6,6,4,5,2]))"
"((61,65,71),([0,3,5,7,9],[0,3,4,7,9],[0,1,3,7,10]),([0,3,2,2,2,1],[1,1,3,2,2,1],[1,2,3,1,2,1]),(8,[2,6,8,11]),((214,[0,1,3,4,5,7,9,10]),[4,5,6,5,5,3]))"
"((61,65,71),([0,3,5,7,9],[0,3,6,7,10],[0,1,3,7,10]),([0,3,2,2,2,1],[1,1,3,2,2,1],[1,2,3,1,2,1]),(8,[2,4,8,11]),((214,[0,1,3,5,6,7,9,10]),[4,5,6,5,5,3]))"
"((61,65,73),([0,3,5,7,9],[0,3,6,7,10],[0,1,3,5,7]),([0,3,2,2,2,1],[1,1,3,2,2,1],[1,3,1,2,2,1]),(8,[2,4,8,11]),((214,[0,1,3,5,6,7,9,10]),[4,5,6,5,5,3]))"
"((61,65,71),([0,3,5,7,9],[0,3,4,7,10],[0,1,3,7,10]),([0,3,2,2,2,1],[1,1,3,2,2,1],[1,2,3,1,2,1]),(8,[2,6,8,11]),((214,[0,1,3,4,5,7,9,10]),[4,5,6,5,5,3]))"
"((61,65,73),([0,3,5,7,9],[0,3,4,7,10],[0,1,3,5,7]),([0,3,2,2,2,1],[1,1,3,2,2,1],[1,3,1,2,2,1]),(8,[2,6,8,11]),((214,[0,1,3,4,5,7,9,10]),[4,5,6,5,5,3]))"
"((37,65,71),([0,3,5,7,10],[0,3,4,7,9],[0,1,3,7,10]),([0,3,2,1,4,0],[1,1,3,2,2,1],[1,2,3,1,2,1]),(8,[2,6,8,11]),((214,[0,1,3,4,5,7,9,10]),[4,5,6,5,5,3]))"
"((37,65,73),([0,3,5,7,10],[0,3,4,7,9],[0,1,3,5,7]),([0,3,2,1,4,0],[1,1,3,2,2,1],[1,3,1,2,2,1]),(8,[2,6,8,11]),((214,[0,1,3,4,5,7,9,10]),[4,5,6,5,5,3]))"
"((65,71,73),([0,3,4,7,9],[0,1,3,7,10],[0,1,3,5,7]),([1,1,3,2,2,1],[1,2,3,1,2,1],[1,3,1,2,2,1]),(8,[2,6,8,11]),((214,[0,1,3,4,5,7,9,10]),[4,5,6,5,5,3]))"
"((65,65,68),([0,3,4,7,9],[0,3,6,7,10],[0,2,3,7,9]),([1,1,3,2,2,1],[1,1,3,2,2,1],[1,2,2,1,3,1]),(8,[1,5,8,11]),((214,[0,2,3,4,6,7,9,10]),[4,5,6,5,5,3]))"
"((65,65,73),([0,3,4,7,9],[0,3,4,7,10],[0,1,3,5,7]),([1,1,3,2,2,1],[1,1,3,2,2,1],[1,3,1,2,2,1]),(8,[2,6,8,11]),((214,[0,1,3,4,5,7,9,10]),[4,5,6,5,5,3]))"
"((65,71,73),([0,3,4,7,9],[0,3,7,9,10],[0,1,3,5,7]),([1,1,3,2,2,1],[1,2,3,1,2,1],[1,3,1,2,2,1]),(8,[2,6,8,11]),((214,[0,1,3,4,5,7,9,10]),[4,5,6,5,5,3]))"
"((65,65,68),([0,3,6,7,10],[0,3,4,7,9],[0,2,3,7,9]),([1,1,3,2,2,1],[1,1,3,2,2,1],[1,2,2,1,3,1]),(8,[1,5,8,11]),((214,[0,2,3,4,6,7,9,10]),[4,5,6,5,5,3]))"
"((65,65,68),([0,3,6,7,10],[0,3,4,7,10],[0,2,3,7,9]),([1,1,3,2,2,1],[1,1,3,2,2,1],[1,2,2,1,3,1]),(8,[1,5,8,11]),((214,[0,2,3,4,6,7,9,10]),[4,5,6,5,5,3]))"
"((65,71,73),([0,3,6,7,10],[0,3,7,9,10],[0,1,3,5,7]),([1,1,3,2,2,1],[1,2,3,1,2,1],[1,3,1,2,2,1]),(8,[2,4,8,11]),((214,[0,1,3,5,6,7,9,10]),[4,5,6,5,5,3]))"
"((65,65,73),([0,3,4,7,10],[0,3,4,7,9],[0,1,3,5,7]),([1,1,3,2,2,1],[1,1,3,2,2,1],[1,3,1,2,2,1]),(8,[2,6,8,11]),((214,[0,1,3,4,5,7,9,10]),[4,5,6,5,5,3]))"
"((65,65,68),([0,3,4,7,10],[0,3,6,7,10],[0,2,3,7,9]),([1,1,3,2,2,1],[1,1,3,2,2,1],[1,2,2,1,3,1]),(8,[1,5,8,11]),((214,[0,2,3,4,6,7,9,10]),[4,5,6,5,5,3]))"
"((65,71,73),([0,3,4,7,10],[0,3,7,9,10],[0,1,3,5,7]),([1,1,3,2,2,1],[1,2,3,1,2,1],[1,3,1,2,2,1]),(8,[2,6,8,11]),((214,[0,1,3,4,5,7,9,10]),[4,5,6,5,5,3]))"
"((46,67,68),([0,3,5,7,8],[0,3,5,7,11],[0,2,3,7,9]),([1,2,2,2,3,0],[1,2,1,3,2,1],[1,2,2,1,3,1]),(8,[1,4,6,10]),((214,[0,2,3,5,7,8,9,11]),[4,5,6,5,5,3]))"
"((46,65,65),([0,2,3,7,10],[0,3,4,7,9],[0,3,6,7,10]),([1,2,2,2,3,0],[1,1,3,2,2,1],[1,1,3,2,2,1]),(8,[1,5,8,11]),((214,[0,2,3,4,6,7,9,10]),[4,5,6,5,5,3]))"
"((46,65,65),([0,2,3,7,10],[0,3,6,7,10],[0,3,4,7,9]),([1,2,2,2,3,0],[1,1,3,2,2,1],[1,1,3,2,2,1]),(8,[1,5,8,11]),((214,[0,2,3,4,6,7,9,10]),[4,5,6,5,5,3]))"
"((65,67,73),([0,3,4,7,9],[0,3,5,7,11],[0,1,3,5,7]),([1,1,3,2,2,1],[1,2,1,3,2,1],[1,3,1,2,2,1]),(8,[2,6,8,10]),((217,[0,1,3,4,5,7,9,11]),[4,6,4,7,4,3]))"
"((46,65,71),([0,3,7,8,10],[0,3,4,7,9],[0,1,3,7,10]),([1,2,2,2,3,0],[1,1,3,2,2,1],[1,2,3,1,2,1]),(8,[2,5,6,11]),((222,[0,1,3,4,7,8,9,10]),[5,4,6,5,5,3]))"
"((65,68,71),([0,3,6,7,10],[0,2,3,7,9],[0,1,3,7,10]),([1,1,3,2,2,1],[1,2,2,1,3,1],[1,2,3,1,2,1]),(8,[4,5,8,11]),((222,[0,1,2,3,6,7,9,10]),[5,4,6,5,5,3]))"
"((61,65,67),([0,3,5,7,9],[0,3,4,7,10],[0,3,5,7,11]),([0,3,2,2,2,1],[1,1,3,2,2,1],[1,2,1,3,2,1]),(8,[1,2,6,8]),((223,[0,3,4,5,7,9,10,11]),[5,5,4,5,6,3]))"
"((61,67,71),([0,3,5,7,9],[0,3,5,7,11],[0,1,3,7,10]),([0,3,2,2,2,1],[1,2,1,3,2,1],[1,2,3,1,2,1]),(8,[2,4,6,8]),((223,[0,1,3,5,7,9,10,11]),[4,7,4,6,4,3]))"
"((46,65,68),([0,3,7,8,10],[0,3,4,7,9],[0,2,3,7,9]),([1,2,2,2,3,0],[1,1,3,2,2,1],[1,2,2,1,3,1]),(8,[1,5,6,11]),((223,[0,2,3,4,7,8,9,10]),[5,5,4,5,6,3]))"
"((46,65,68),([0,3,7,8,10],[0,3,4,7,10],[0,2,3,7,9]),([1,2,2,2,3,0],[1,1,3,2,2,1],[1,2,2,1,3,1]),(8,[1,5,6,11]),((223,[0,2,3,4,7,8,9,10]),[5,5,4,5,6,3]))"
"((46,46,65),([0,3,7,8,10],[0,2,3,7,10],[0,3,4,7,9]),([1,2,2,2,3,0],[1,2,2,2,3,0],[1,1,3,2,2,1]),(8,[1,5,6,11]),((223,[0,2,3,4,7,8,9,10]),[5,5,4,5,6,3]))"
"((37,65,67),([0,3,5,7,10],[0,3,4,7,9],[0,3,5,7,11]),([0,3,2,1,4,0],[1,1,3,2,2,1],[1,2,1,3,2,1]),(8,[1,2,6,8]),((223,[0,3,4,5,7,9,10,11]),[5,5,4,5,6,3]))"
"((65,65,67),([0,3,4,7,9],[0,3,4,7,10],[0,3,5,7,11]),([1,1,3,2,2,1],[1,1,3,2,2,1],[1,2,1,3,2,1]),(8,[1,2,6,8]),((223,[0,3,4,5,7,9,10,11]),[5,5,4,5,6,3]))"
"((65,67,71),([0,3,4,7,9],[0,3,5,7,11],[0,3,7,9,10]),([1,1,3,2,2,1],[1,2,1,3,2,1],[1,2,3,1,2,1]),(8,[1,2,6,8]),((223,[0,3,4,5,7,9,10,11]),[5,5,4,5,6,3]))"
"((65,67,71),([0,3,6,7,10],[0,3,5,7,11],[0,1,3,7,10]),([1,1,3,2,2,1],[1,2,1,3,2,1],[1,2,3,1,2,1]),(8,[2,4,8,9]),((223,[0,1,3,5,6,7,10,11]),[5,5,4,5,6,3]))"
"((65,67,73),([0,3,6,7,10],[0,3,5,7,11],[0,1,3,5,7]),([1,1,3,2,2,1],[1,2,1,3,2,1],[1,3,1,2,2,1]),(8,[2,4,8,9]),((223,[0,1,3,5,6,7,10,11]),[5,5,4,5,6,3]))"
"((65,65,67),([0,3,4,7,10],[0,3,4,7,9],[0,3,5,7,11]),([1,1,3,2,2,1],[1,1,3,2,2,1],[1,2,1,3,2,1]),(8,[1,2,6,8]),((223,[0,3,4,5,7,9,10,11]),[5,5,4,5,6,3]))"
"((65,67,71),([0,3,4,7,10],[0,3,5,7,11],[0,3,7,9,10]),([1,1,3,2,2,1],[1,2,1,3,2,1],[1,2,3,1,2,1]),(8,[1,2,6,8]),((223,[0,3,4,5,7,9,10,11]),[5,5,4,5,6,3]))"
"((46,68,73),([0,3,5,7,8],[0,2,3,7,9],[0,1,3,5,7]),([1,2,2,2,3,0],[1,2,2,1,3,1],[1,3,1,2,2,1]),(8,[4,6,10,11]),((223,[0,1,2,3,5,7,8,9]),[5,5,4,5,6,3]))"
"((46,46,65),([0,2,3,7,10],[0,3,7,8,10],[0,3,4,7,9]),([1,2,2,2,3,0],[1,2,2,2,3,0],[1,1,3,2,2,1]),(8,[1,5,6,11]),((223,[0,2,3,4,7,8,9,10]),[5,5,4,5,6,3]))"
"((67,68,73),([0,3,5,7,11],[0,2,3,7,9],[0,1,3,5,7]),([1,2,1,3,2,1],[1,2,2,1,3,1],[1,3,1,2,2,1]),(8,[4,6,8,10]),((223,[0,1,2,3,5,7,9,11]),[4,7,4,6,4,3]))"
"((67,71,71),([0,3,5,7,11],[0,1,3,7,10],[0,3,7,9,10]),([1,2,1,3,2,1],[1,2,3,1,2,1],[1,2,3,1,2,1]),(8,[2,4,6,8]),((223,[0,1,3,5,7,9,10,11]),[4,7,4,6,4,3]))"
"((67,71,71),([0,3,5,7,11],[0,3,7,9,10],[0,1,3,7,10]),([1,2,1,3,2,1],[1,2,3,1,2,1],[1,2,3,1,2,1]),(8,[2,4,6,8]),((223,[0,1,3,5,7,9,10,11]),[4,7,4,6,4,3]))"
"((67,71,73),([0,3,5,7,11],[0,3,7,9,10],[0,1,3,5,7]),([1,2,1,3,2,1],[1,2,3,1,2,1],[1,3,1,2,2,1]),(8,[2,4,6,8]),((223,[0,1,3,5,7,9,10,11]),[4,7,4,6,4,3]))"
"((61,65,67),([0,3,5,7,9],[0,3,6,7,10],[0,3,5,7,11]),([0,3,2,2,2,1],[1,1,3,2,2,1],[1,2,1,3,2,1]),(8,[1,2,4,8]),((226,[0,3,5,6,7,9,10,11]),[5,5,5,5,5,3]))"
"((46,65,68),([0,3,7,8,10],[0,3,6,7,10],[0,2,3,7,9]),([1,2,2,2,3,0],[1,1,3,2,2,1],[1,2,2,1,3,1]),(8,[1,4,5,11]),((226,[0,2,3,6,7,8,9,10]),[5,5,5,5,5,3]))"
"((65,67,71),([0,3,6,7,10],[0,3,5,7,11],[0,3,7,9,10]),([1,1,3,2,2,1],[1,2,1,3,2,1],[1,2,3,1,2,1]),(8,[1,2,4,8]),((226,[0,3,5,6,7,9,10,11]),[5,5,5,5,5,3]))"
"((65,67,71),([0,3,4,7,10],[0,3,5,7,11],[0,1,3,7,10]),([1,1,3,2,2,1],[1,2,1,3,2,1],[1,2,3,1,2,1]),(8,[2,6,8,9]),((226,[0,1,3,4,5,7,10,11]),[5,5,5,5,5,3]))"
"((65,67,73),([0,3,4,7,10],[0,3,5,7,11],[0,1,3,5,7]),([1,1,3,2,2,1],[1,2,1,3,2,1],[1,3,1,2,2,1]),(8,[2,6,8,9]),((226,[0,1,3,4,5,7,10,11]),[5,5,5,5,5,3]))"
"((61,65,65),([0,3,5,7,9],[0,3,4,7,9],[0,3,6,7,10]),([0,3,2,2,2,1],[1,1,3,2,2,1],[1,1,3,2,2,1]),(8,[1,2,8,11]),((228,[0,3,4,5,6,7,9,10]),[5,5,6,4,5,3]))"
"((61,65,65),([0,3,5,7,9],[0,3,6,7,10],[0,3,4,7,9]),([0,3,2,2,2,1],[1,1,3,2,2,1],[1,1,3,2,2,1]),(8,[1,2,8,11]),((228,[0,3,4,5,6,7,9,10]),[5,5,6,4,5,3]))"
"((61,65,65),([0,3,5,7,9],[0,3,6,7,10],[0,3,4,7,10]),([0,3,2,2,2,1],[1,1,3,2,2,1],[1,1,3,2,2,1]),(8,[1,2,8,11]),((228,[0,3,4,5,6,7,9,10]),[5,5,6,4,5,3]))"
"((61,65,65),([0,3,5,7,9],[0,3,4,7,10],[0,3,6,7,10]),([0,3,2,2,2,1],[1,1,3,2,2,1],[1,1,3,2,2,1]),(8,[1,2,8,11]),((228,[0,3,4,5,6,7,9,10]),[5,5,6,4,5,3]))"
"((37,65,65),([0,3,5,7,10],[0,3,4,7,9],[0,3,6,7,10]),([0,3,2,1,4,0],[1,1,3,2,2,1],[1,1,3,2,2,1]),(8,[1,2,8,11]),((228,[0,3,4,5,6,7,9,10]),[5,5,6,4,5,3]))"
"((37,65,65),([0,3,5,7,10],[0,3,6,7,10],[0,3,4,7,9]),([0,3,2,1,4,0],[1,1,3,2,2,1],[1,1,3,2,2,1]),(8,[1,2,8,11]),((228,[0,3,4,5,6,7,9,10]),[5,5,6,4,5,3]))"
"((65,68,71),([0,3,4,7,9],[0,2,3,7,9],[0,1,3,7,10]),([1,1,3,2,2,1],[1,2,2,1,3,1],[1,2,3,1,2,1]),(8,[5,6,8,11]),((228,[0,1,2,3,4,7,9,10]),[5,5,6,4,5,3]))"
"((65,65,73),([0,3,6,7,10],[0,3,4,7,10],[0,1,3,5,7]),([1,1,3,2,2,1],[1,1,3,2,2,1],[1,3,1,2,2,1]),(8,[2,8,9,11]),((228,[0,1,3,4,5,6,7,10]),[5,5,6,4,5,3]))"
"((65,68,71),([0,3,4,7,10],[0,2,3,7,9],[0,1,3,7,10]),([1,1,3,2,2,1],[1,2,2,1,3,1],[1,2,3,1,2,1]),(8,[5,6,8,11]),((228,[0,1,2,3,4,7,9,10]),[5,5,6,4,5,3]))"
"((65,65,73),([0,3,4,7,10],[0,3,6,7,10],[0,1,3,5,7]),([1,1,3,2,2,1],[1,1,3,2,2,1],[1,3,1,2,2,1]),(8,[2,8,9,11]),((228,[0,1,3,4,5,6,7,10]),[5,5,6,4,5,3]))"
"((46,65,71),([0,2,3,7,10],[0,3,4,7,9],[0,1,3,7,10]),([1,2,2,2,3,0],[1,1,3,2,2,1],[1,2,3,1,2,1]),(8,[5,6,8,11]),((228,[0,1,2,3,4,7,9,10]),[5,5,6,4,5,3]))"
"((46,65,65),([0,3,7,8,10],[0,3,4,7,9],[0,3,6,7,10]),([1,2,2,2,3,0],[1,1,3,2,2,1],[1,1,3,2,2,1]),(8,[1,2,5,11]),((229,[0,3,4,6,7,8,9,10]),[5,5,6,5,4,3]))"
"((46,65,65),([0,3,7,8,10],[0,3,6,7,10],[0,3,4,7,9]),([1,2,2,2,3,0],[1,1,3,2,2,1],[1,1,3,2,2,1]),(8,[1,2,5,11]),((229,[0,3,4,6,7,8,9,10]),[5,5,6,5,4,3]))"
"((65,65,67),([0,3,6,7,10],[0,3,4,7,10],[0,3,5,7,11]),([1,1,3,2,2,1],[1,1,3,2,2,1],[1,2,1,3,2,1]),(8,[1,2,8,9]),((231,[0,3,4,5,6,7,10,11]),[6,4,4,5,6,3]))"
"((65,65,67),([0,3,4,7,10],[0,3,6,7,10],[0,3,5,7,11]),([1,1,3,2,2,1],[1,1,3,2,2,1],[1,2,1,3,2,1]),(8,[1,2,8,9]),((231,[0,3,4,5,6,7,10,11]),[6,4,4,5,6,3]))"
"((65,65,71),([0,3,4,7,9],[0,3,6,7,10],[0,1,3,7,10]),([1,1,3,2,2,1],[1,1,3,2,2,1],[1,2,3,1,2,1]),(8,[2,5,8,11]),((235,[0,1,3,4,6,7,9,10]),[4,4,8,4,4,4]))"
"((65,65,71),([0,3,6,7,10],[0,3,4,7,9],[0,1,3,7,10]),([1,1,3,2,2,1],[1,1,3,2,2,1],[1,2,3,1,2,1]),(8,[2,5,8,11]),((235,[0,1,3,4,6,7,9,10]),[4,4,8,4,4,4]))"
"((46,68,71),([0,3,7,8,10],[0,2,3,7,9],[0,1,3,7,10]),([1,2,2,2,3,0],[1,2,2,1,3,1],[1,2,3,1,2,1]),(8,[4,5,6,11]),((237,[0,1,2,3,7,8,9,10]),[6,5,4,4,6,3]))"
"((46,65,73),([0,3,7,8,10],[0,3,4,7,9],[0,1,3,5,7]),([1,2,2,2,3,0],[1,1,3,2,2,1],[1,3,1,2,2,1]),(9,[2,6,11]),((264,[0,1,3,4,5,7,8,9,10]),[6,6,7,7,7,3]))"
"((65,68,73),([0,3,6,7,10],[0,2,3,7,9],[0,1,3,5,7]),([1,1,3,2,2,1],[1,2,2,1,3,1],[1,3,1,2,2,1]),(9,[4,8,11]),((264,[0,1,2,3,5,6,7,9,10]),[6,6,7,7,7,3]))"
"((65,67,68),([0,3,6,7,10],[0,3,5,7,11],[0,2,3,7,9]),([1,1,3,2,2,1],[1,2,1,3,2,1],[1,2,2,1,3,1]),(9,[1,4,8]),((264,[0,2,3,5,6,7,9,10,11]),[6,6,7,7,7,3]))"
"((46,65,71),([0,3,5,7,8],[0,3,4,7,9],[0,1,3,7,10]),([1,2,2,2,3,0],[1,1,3,2,2,1],[1,2,3,1,2,1]),(9,[2,6,11]),((264,[0,1,3,4,5,7,8,9,10]),[6,6,7,7,7,3]))"
"((46,52,65),([0,3,7,8,10],[0,2,3,5,7],[0,3,4,7,9]),([1,2,2,2,3,0],[1,3,2,1,3,0],[1,1,3,2,2,1]),(9,[1,6,11]),((267,[0,2,3,4,5,7,8,9,10]),[6,7,6,6,8,3]))"
"((46,68,73),([0,3,7,8,10],[0,2,3,7,9],[0,1,3,5,7]),([1,2,2,2,3,0],[1,2,2,1,3,1],[1,3,1,2,2,1]),(9,[4,6,11]),((267,[0,1,2,3,5,7,8,9,10]),[6,7,6,6,8,3]))"
"((65,67,68),([0,3,4,7,10],[0,3,5,7,11],[0,2,3,7,9]),([1,1,3,2,2,1],[1,2,1,3,2,1],[1,2,2,1,3,1]),(9,[1,6,8]),((267,[0,2,3,4,5,7,9,10,11]),[6,7,6,6,8,3]))"
"((46,68,71),([0,3,5,7,8],[0,2,3,7,9],[0,1,3,7,10]),([1,2,2,2,3,0],[1,2,2,1,3,1],[1,2,3,1,2,1]),(9,[4,6,11]),((267,[0,1,2,3,5,7,8,9,10]),[6,7,6,6,8,3]))"
"((46,65,68),([0,3,5,7,8],[0,3,4,7,10],[0,2,3,7,9]),([1,2,2,2,3,0],[1,1,3,2,2,1],[1,2,2,1,3,1]),(9,[1,6,11]),((267,[0,2,3,4,5,7,8,9,10]),[6,7,6,6,8,3]))"
"((46,46,65),([0,3,5,7,8],[0,2,3,7,10],[0,3,4,7,9]),([1,2,2,2,3,0],[1,2,2,2,3,0],[1,1,3,2,2,1]),(9,[1,6,11]),((267,[0,2,3,4,5,7,8,9,10]),[6,7,6,6,8,3]))"
"((46,65,67),([0,2,3,7,10],[0,3,4,7,9],[0,3,5,7,11]),([1,2,2,2,3,0],[1,1,3,2,2,1],[1,2,1,3,2,1]),(9,[1,6,8]),((267,[0,2,3,4,5,7,9,10,11]),[6,7,6,6,8,3]))"
"((46,46,65),([0,2,3,7,10],[0,3,5,7,8],[0,3,4,7,9]),([1,2,2,2,3,0],[1,2,2,2,3,0],[1,1,3,2,2,1]),(9,[1,6,11]),((267,[0,2,3,4,5,7,8,9,10]),[6,7,6,6,8,3]))"
"((46,67,68),([0,3,7,8,10],[0,3,5,7,11],[0,2,3,7,9]),([1,2,2,2,3,0],[1,2,1,3,2,1],[1,2,2,1,3,1]),(9,[1,4,6]),((270,[0,2,3,5,7,8,9,10,11]),[6,7,7,6,7,3]))"
"((52,65,71),([0,2,3,5,7],[0,3,4,7,9],[0,1,3,7,10]),([1,3,2,1,3,0],[1,1,3,2,2,1],[1,2,3,1,2,1]),(9,[6,8,11]),((270,[0,1,2,3,4,5,7,9,10]),[6,7,7,6,7,3]))"
"((52,65,65),([0,2,3,5,7],[0,3,4,7,9],[0,3,6,7,10]),([1,3,2,1,3,0],[1,1,3,2,2,1],[1,1,3,2,2,1]),(9,[1,8,11]),((270,[0,2,3,4,5,6,7,9,10]),[6,7,7,6,7,3]))"
"((52,65,65),([0,2,3,5,7],[0,3,6,7,10],[0,3,4,7,9]),([1,3,2,1,3,0],[1,1,3,2,2,1],[1,1,3,2,2,1]),(9,[1,8,11]),((270,[0,2,3,4,5,6,7,9,10]),[6,7,7,6,7,3]))"
"((65,68,73),([0,3,4,7,10],[0,2,3,7,9],[0,1,3,5,7]),([1,1,3,2,2,1],[1,2,2,1,3,1],[1,3,1,2,2,1]),(9,[6,8,11]),((270,[0,1,2,3,4,5,7,9,10]),[6,7,7,6,7,3]))"
"((46,65,68),([0,3,5,7,8],[0,3,6,7,10],[0,2,3,7,9]),([1,2,2,2,3,0],[1,1,3,2,2,1],[1,2,2,1,3,1]),(9,[1,4,11]),((270,[0,2,3,5,6,7,8,9,10]),[6,7,7,6,7,3]))"
"((46,65,73),([0,2,3,7,10],[0,3,4,7,9],[0,1,3,5,7]),([1,2,2,2,3,0],[1,1,3,2,2,1],[1,3,1,2,2,1]),(9,[6,8,11]),((270,[0,1,2,3,4,5,7,9,10]),[6,7,7,6,7,3]))"
"((67,68,71),([0,3,5,7,11],[0,2,3,7,9],[0,1,3,7,10]),([1,2,1,3,2,1],[1,2,2,1,3,1],[1,2,3,1,2,1]),(9,[4,6,8]),((275,[0,1,2,3,5,7,9,10,11]),[6,8,6,7,6,3]))"
"((46,65,67),([0,3,7,8,10],[0,3,4,7,9],[0,3,5,7,11]),([1,2,2,2,3,0],[1,1,3,2,2,1],[1,2,1,3,2,1]),(9,[1,2,6]),((276,[0,3,4,5,7,8,9,10,11]),[7,6,6,7,7,3]))"
"((46,65,65),([0,3,5,7,8],[0,3,4,7,9],[0,3,6,7,10]),([1,2,2,2,3,0],[1,1,3,2,2,1],[1,1,3,2,2,1]),(9,[1,2,11]),((285,[0,3,4,5,6,7,8,9,10]),[7,7,7,6,6,3]))"
"((46,65,65),([0,3,5,7,8],[0,3,6,7,10],[0,3,4,7,9]),([1,2,2,2,3,0],[1,1,3,2,2,1],[1,1,3,2,2,1]),(9,[1,2,11]),((285,[0,3,4,5,6,7,8,9,10]),[7,7,7,6,6,3]))"
"((65,65,73),([0,3,4,7,9],[0,3,6,7,10],[0,1,3,5,7]),([1,1,3,2,2,1],[1,1,3,2,2,1],[1,3,1,2,2,1]),(9,[2,8,11]),((289,[0,1,3,4,5,6,7,9,10]),[6,6,8,6,6,4]))"
"((65,65,73),([0,3,6,7,10],[0,3,4,7,9],[0,1,3,5,7]),([1,1,3,2,2,1],[1,1,3,2,2,1],[1,3,1,2,2,1]),(9,[2,8,11]),((289,[0,1,3,4,5,6,7,9,10]),[6,6,8,6,6,4]))"
"((65,67,71),([0,3,4,7,9],[0,3,5,7,11],[0,1,3,7,10]),([1,1,3,2,2,1],[1,2,1,3,2,1],[1,2,3,1,2,1]),(9,[2,6,8]),((291,[0,1,3,4,5,7,9,10,11]),[6,7,6,7,6,4]))"
"((65,65,67),([0,3,4,7,9],[0,3,6,7,10],[0,3,5,7,11]),([1,1,3,2,2,1],[1,1,3,2,2,1],[1,2,1,3,2,1]),(9,[1,2,8]),((298,[0,3,4,5,6,7,9,10,11]),[7,6,6,6,7,4]))"
"((65,65,67),([0,3,6,7,10],[0,3,4,7,9],[0,3,5,7,11]),([1,1,3,2,2,1],[1,1,3,2,2,1],[1,2,1,3,2,1]),(9,[1,2,8]),((298,[0,3,4,5,6,7,9,10,11]),[7,6,6,6,7,4]))"
