"((38,46,46),([0,3,5,8,10],[0,3,7,8,10],[0,3,5,7,8]),([0,3,2,1,4,0],[1,2,2,2,3,0],[1,2,2,2,3,0]),(6,[1,2,4,6,9,11]),((68,[0,3,5,7,8,10]),[1,4,3,2,5,0]))"
"((38,46,46),([0,3,5,8,10],[0,3,5,7,8],[0,3,7,8,10]),([0,3,2,1,4,0],[1,2,2,2,3,0],[1,2,2,2,3,0]),(6,[1,2,4,6,9,11]),((68,[0,3,5,7,8,10]),[1,4,3,2,5,0]))"
"((38,47,53),([0,3,5,8,10],[0,1,3,5,8],[0,1,3,8,10]),([0,3,2,1,4,0],[1,2,2,2,3,0],[1,3,2,1,3,0]),(6,[2,4,6,7,9,11]),((69,[0,1,3,5,8,10]),[1,4,3,2,5,0]))"
"((53,62,69),([0,1,3,8,10],[0,3,6,8,10],[0,1,3,6,8]),([1,3,2,1,3,0],[0,3,2,2,2,1],[1,2,2,1,3,1]),(6,[2,4,5,7,9,11]),((92,[0,1,3,6,8,10]),[1,4,3,2,4,1]))"
"((38,62,72),([0,3,5,8,10],[0,3,6,8,10],[0,3,5,6,8]),([0,3,2,1,4,0],[0,3,2,2,2,1],[1,2,3,1,2,1]),(6,[1,2,4,7,9,11]),((92,[0,3,5,6,8,10]),[1,4,3,2,4,1]))"
"((38,72,74),([0,3,5,8,10],[0,2,3,5,8],[0,2,3,8,10]),([0,3,2,1,4,0],[1,2,3,1,2,1],[1,3,1,2,2,1]),(6,[1,4,6,7,9,11]),((92,[0,2,3,5,8,10]),[1,4,3,2,4,1]))"
"((47,69,72),([0,1,3,5,8],[0,1,3,6,8],[0,3,5,6,8]),([1,2,2,2,3,0],[1,2,2,1,3,1],[1,2,3,1,2,1]),(6,[2,4,7,9,10,11]),((100,[0,1,3,5,6,8]),[2,3,3,2,4,1]))"
"((66,66,72),([0,3,5,8,11],[0,3,6,8,11],[0,3,5,6,8]),([1,1,3,2,2,1],[1,1,3,2,2,1],[1,2,3,1,2,1]),(6,[1,2,4,7,9,10]),((119,[0,3,5,6,8,11]),[2,2,4,2,3,2]))"
"((66,66,72),([0,3,6,8,11],[0,3,5,8,11],[0,3,5,6,8]),([1,1,3,2,2,1],[1,1,3,2,2,1],[1,2,3,1,2,1]),(6,[1,2,4,7,9,10]),((119,[0,3,5,6,8,11]),[2,2,4,2,3,2]))"
"((46,47,53),([0,3,7,8,10],[0,1,3,5,8],[0,1,3,8,10]),([1,2,2,2,3,0],[1,2,2,2,3,0],[1,3,2,1,3,0]),(7,[2,4,6,9,11]),((123,[0,1,3,5,7,8,10]),[2,5,4,3,6,1]))"
"((46,72,74),([0,3,7,8,10],[0,2,3,5,8],[0,2,3,8,10]),([1,2,2,2,3,0],[1,2,3,1,2,1],[1,3,1,2,2,1]),(7,[1,4,6,9,11]),((123,[0,2,3,5,7,8,10]),[2,5,4,3,6,1]))"
"((46,46,53),([0,3,7,8,10],[0,3,5,7,8],[0,1,3,8,10]),([1,2,2,2,3,0],[1,2,2,2,3,0],[1,3,2,1,3,0]),(7,[2,4,6,9,11]),((123,[0,1,3,5,7,8,10]),[2,5,4,3,6,1]))"
"((46,46,74),([0,3,7,8,10],[0,3,5,7,8],[0,2,3,8,10]),([1,2,2,2,3,0],[1,2,2,2,3,0],[1,3,1,2,2,1]),(7,[1,4,6,9,11]),((123,[0,2,3,5,7,8,10]),[2,5,4,3,6,1]))"
"((46,46,47),([0,3,7,8,10],[0,3,5,7,8],[0,1,3,5,8]),([1,2,2,2,3,0],[1,2,2,2,3,0],[1,2,2,2,3,0]),(7,[2,4,6,9,11]),((123,[0,1,3,5,7,8,10]),[2,5,4,3,6,1]))"
"((46,46,72),([0,3,7,8,10],[0,3,5,7,8],[0,2,3,5,8]),([1,2,2,2,3,0],[1,2,2,2,3,0],[1,2,3,1,2,1]),(7,[1,4,6,9,11]),((123,[0,2,3,5,7,8,10]),[2,5,4,3,6,1]))"
"((38,46,53),([0,3,5,8,10],[0,3,7,8,10],[0,1,3,8,10]),([0,3,2,1,4,0],[1,2,2,2,3,0],[1,3,2,1,3,0]),(7,[2,4,6,9,11]),((123,[0,1,3,5,7,8,10]),[2,5,4,3,6,1]))"
"((38,46,74),([0,3,5,8,10],[0,3,7,8,10],[0,2,3,8,10]),([0,3,2,1,4,0],[1,2,2,2,3,0],[1,3,1,2,2,1]),(7,[1,4,6,9,11]),((123,[0,2,3,5,7,8,10]),[2,5,4,3,6,1]))"
"((38,46,47),([0,3,5,8,10],[0,3,7,8,10],[0,1,3,5,8]),([0,3,2,1,4,0],[1,2,2,2,3,0],[1,2,2,2,3,0]),(7,[2,4,6,9,11]),((123,[0,1,3,5,7,8,10]),[2,5,4,3,6,1]))"
"((38,46,72),([0,3,5,8,10],[0,3,7,8,10],[0,2,3,5,8]),([0,3,2,1,4,0],[1,2,2,2,3,0],[1,2,3,1,2,1]),(7,[1,4,6,9,11]),((123,[0,2,3,5,7,8,10]),[2,5,4,3,6,1]))"
"((38,46,53),([0,3,5,8,10],[0,3,5,7,8],[0,1,3,8,10]),([0,3,2,1,4,0],[1,2,2,2,3,0],[1,3,2,1,3,0]),(7,[2,4,6,9,11]),((123,[0,1,3,5,7,8,10]),[2,5,4,3,6,1]))"
"((38,46,74),([0,3,5,8,10],[0,3,5,7,8],[0,2,3,8,10]),([0,3,2,1,4,0],[1,2,2,2,3,0],[1,3,1,2,2,1]),(7,[1,4,6,9,11]),((123,[0,2,3,5,7,8,10]),[2,5,4,3,6,1]))"
"((38,46,47),([0,3,5,8,10],[0,3,5,7,8],[0,1,3,5,8]),([0,3,2,1,4,0],[1,2,2,2,3,0],[1,2,2,2,3,0]),(7,[2,4,6,9,11]),((123,[0,1,3,5,7,8,10]),[2,5,4,3,6,1]))"
"((38,46,72),([0,3,5,8,10],[0,3,5,7,8],[0,2,3,5,8]),([0,3,2,1,4,0],[1,2,2,2,3,0],[1,2,3,1,2,1]),(7,[1,4,6,9,11]),((123,[0,2,3,5,7,8,10]),[2,5,4,3,6,1]))"
"((46,47,53),([0,3,5,7,8],[0,1,3,5,8],[0,1,3,8,10]),([1,2,2,2,3,0],[1,2,2,2,3,0],[1,3,2,1,3,0]),(7,[2,4,6,9,11]),((123,[0,1,3,5,7,8,10]),[2,5,4,3,6,1]))"
"((46,46,53),([0,3,5,7,8],[0,3,7,8,10],[0,1,3,8,10]),([1,2,2,2,3,0],[1,2,2,2,3,0],[1,3,2,1,3,0]),(7,[2,4,6,9,11]),((123,[0,1,3,5,7,8,10]),[2,5,4,3,6,1]))"
"((46,46,74),([0,3,5,7,8],[0,3,7,8,10],[0,2,3,8,10]),([1,2,2,2,3,0],[1,2,2,2,3,0],[1,3,1,2,2,1]),(7,[1,4,6,9,11]),((123,[0,2,3,5,7,8,10]),[2,5,4,3,6,1]))"
"((46,46,47),([0,3,5,7,8],[0,3,7,8,10],[0,1,3,5,8]),([1,2,2,2,3,0],[1,2,2,2,3,0],[1,2,2,2,3,0]),(7,[2,4,6,9,11]),((123,[0,1,3,5,7,8,10]),[2,5,4,3,6,1]))"
"((46,46,72),([0,3,5,7,8],[0,3,7,8,10],[0,2,3,5,8]),([1,2,2,2,3,0],[1,2,2,2,3,0],[1,2,3,1,2,1]),(7,[1,4,6,9,11]),((123,[0,2,3,5,7,8,10]),[2,5,4,3,6,1]))"
"((46,72,74),([0,3,5,7,8],[0,2,3,5,8],[0,2,3,8,10]),([1,2,2,2,3,0],[1,2,3,1,2,1],[1,3,1,2,2,1]),(7,[1,4,6,9,11]),((123,[0,2,3,5,7,8,10]),[2,5,4,3,6,1]))"
"((53,62,72),([0,1,3,8,10],[0,3,6,8,10],[0,3,5,6,8]),([1,3,2,1,3,0],[0,3,2,2,2,1],[1,2,3,1,2,1]),(7,[2,4,7,9,11]),((124,[0,1,3,5,6,8,10]),[2,5,4,3,6,1]))"
"((53,69,72),([0,1,3,8,10],[0,1,3,6,8],[0,3,5,6,8]),([1,3,2,1,3,0],[1,2,2,1,3,1],[1,2,3,1,2,1]),(7,[2,4,7,9,11]),((124,[0,1,3,5,6,8,10]),[2,5,4,3,6,1]))"
"((62,69,72),([0,3,6,8,10],[0,1,3,6,8],[0,3,5,6,8]),([0,3,2,2,2,1],[1,2,2,1,3,1],[1,2,3,1,2,1]),(7,[2,4,7,9,11]),((124,[0,1,3,5,6,8,10]),[2,5,4,3,6,1]))"
"((47,53,62),([0,1,3,5,8],[0,1,3,8,10],[0,3,6,8,10]),([1,2,2,2,3,0],[1,3,2,1,3,0],[0,3,2,2,2,1]),(7,[2,4,7,9,11]),((124,[0,1,3,5,6,8,10]),[2,5,4,3,6,1]))"
"((47,53,69),([0,1,3,5,8],[0,1,3,8,10],[0,1,3,6,8]),([1,2,2,2,3,0],[1,3,2,1,3,0],[1,2,2,1,3,1]),(7,[2,4,7,9,11]),((124,[0,1,3,5,6,8,10]),[2,5,4,3,6,1]))"
"((47,53,72),([0,1,3,5,8],[0,1,3,8,10],[0,3,5,6,8]),([1,2,2,2,3,0],[1,3,2,1,3,0],[1,2,3,1,2,1]),(7,[2,4,7,9,11]),((124,[0,1,3,5,6,8,10]),[2,5,4,3,6,1]))"
"((47,62,69),([0,1,3,5,8],[0,3,6,8,10],[0,1,3,6,8]),([1,2,2,2,3,0],[0,3,2,2,2,1],[1,2,2,1,3,1]),(7,[2,4,7,9,11]),((124,[0,1,3,5,6,8,10]),[2,5,4,3,6,1]))"
"((47,62,72),([0,1,3,5,8],[0,3,6,8,10],[0,3,5,6,8]),([1,2,2,2,3,0],[0,3,2,2,2,1],[1,2,3,1,2,1]),(7,[2,4,7,9,11]),((124,[0,1,3,5,6,8,10]),[2,5,4,3,6,1]))"
"((38,53,62),([0,3,5,8,10],[0,1,3,8,10],[0,3,6,8,10]),([0,3,2,1,4,0],[1,3,2,1,3,0],[0,3,2,2,2,1]),(7,[2,4,7,9,11]),((124,[0,1,3,5,6,8,10]),[2,5,4,3,6,1]))"
"((38,53,69),([0,3,5,8,10],[0,1,3,8,10],[0,1,3,6,8]),([0,3,2,1,4,0],[1,3,2,1,3,0],[1,2,2,1,3,1]),(7,[2,4,7,9,11]),((124,[0,1,3,5,6,8,10]),[2,5,4,3,6,1]))"
"((38,53,72),([0,3,5,8,10],[0,1,3,8,10],[0,3,5,6,8]),([0,3,2,1,4,0],[1,3,2,1,3,0],[1,2,3,1,2,1]),(7,[2,4,7,9,11]),((124,[0,1,3,5,6,8,10]),[2,5,4,3,6,1]))"
"((38,62,69),([0,3,5,8,10],[0,3,6,8,10],[0,1,3,6,8]),([0,3,2,1,4,0],[0,3,2,2,2,1],[1,2,2,1,3,1]),(7,[2,4,7,9,11]),((124,[0,1,3,5,6,8,10]),[2,5,4,3,6,1]))"
"((38,47,62),([0,3,5,8,10],[0,1,3,5,8],[0,3,6,8,10]),([0,3,2,1,4,0],[1,2,2,2,3,0],[0,3,2,2,2,1]),(7,[2,4,7,9,11]),((124,[0,1,3,5,6,8,10]),[2,5,4,3,6,1]))"
"((38,47,69),([0,3,5,8,10],[0,1,3,5,8],[0,1,3,6,8]),([0,3,2,1,4,0],[1,2,2,2,3,0],[1,2,2,1,3,1]),(7,[2,4,7,9,11]),((124,[0,1,3,5,6,8,10]),[2,5,4,3,6,1]))"
"((38,47,72),([0,3,5,8,10],[0,1,3,5,8],[0,3,5,6,8]),([0,3,2,1,4,0],[1,2,2,2,3,0],[1,2,3,1,2,1]),(7,[2,4,7,9,11]),((124,[0,1,3,5,6,8,10]),[2,5,4,3,6,1]))"
"((38,69,72),([0,3,5,8,10],[0,1,3,6,8],[0,3,5,6,8]),([0,3,2,1,4,0],[1,2,2,1,3,1],[1,2,3,1,2,1]),(7,[2,4,7,9,11]),((124,[0,1,3,5,6,8,10]),[2,5,4,3,6,1]))"
"((46,46,68),([0,3,7,8,10],[0,3,5,7,8],[0,3,4,8,10]),([1,2,2,2,3,0],[1,2,2,2,3,0],[1,2,1,3,2,1]),(7,[1,2,6,9,11]),((132,[0,3,4,5,7,8,10]),[3,4,4,4,5,1]))"
"((46,46,66),([0,3,7,8,10],[0,3,5,7,8],[0,3,5,8,11]),([1,2,2,2,3,0],[1,2,2,2,3,0],[1,1,3,2,2,1]),(7,[1,2,4,6,9]),((132,[0,3,5,7,8,10,11]),[3,4,4,4,5,1]))"
"((38,46,68),([0,3,5,8,10],[0,3,7,8,10],[0,3,4,8,10]),([0,3,2,1,4,0],[1,2,2,2,3,0],[1,2,1,3,2,1]),(7,[1,2,6,9,11]),((132,[0,3,4,5,7,8,10]),[3,4,4,4,5,1]))"
"((38,46,66),([0,3,5,8,10],[0,3,7,8,10],[0,3,5,8,11]),([0,3,2,1,4,0],[1,2,2,2,3,0],[1,1,3,2,2,1]),(7,[1,2,4,6,9]),((132,[0,3,5,7,8,10,11]),[3,4,4,4,5,1]))"
"((38,46,68),([0,3,5,8,10],[0,3,5,7,8],[0,3,4,8,10]),([0,3,2,1,4,0],[1,2,2,2,3,0],[1,2,1,3,2,1]),(7,[1,2,6,9,11]),((132,[0,3,4,5,7,8,10]),[3,4,4,4,5,1]))"
"((38,46,66),([0,3,5,8,10],[0,3,5,7,8],[0,3,5,8,11]),([0,3,2,1,4,0],[1,2,2,2,3,0],[1,1,3,2,2,1]),(7,[1,2,4,6,9]),((132,[0,3,5,7,8,10,11]),[3,4,4,4,5,1]))"
"((46,46,68),([0,3,5,7,8],[0,3,7,8,10],[0,3,4,8,10]),([1,2,2,2,3,0],[1,2,2,2,3,0],[1,2,1,3,2,1]),(7,[1,2,6,9,11]),((132,[0,3,4,5,7,8,10]),[3,4,4,4,5,1]))"
"((46,46,66),([0,3,5,7,8],[0,3,7,8,10],[0,3,5,8,11]),([1,2,2,2,3,0],[1,2,2,2,3,0],[1,1,3,2,2,1]),(7,[1,2,4,6,9]),((132,[0,3,5,7,8,10,11]),[3,4,4,4,5,1]))"
"((47,53,68),([0,1,3,5,8],[0,1,3,8,10],[0,3,4,8,10]),([1,2,2,2,3,0],[1,3,2,1,3,0],[1,2,1,3,2,1]),(7,[2,6,7,9,11]),((133,[0,1,3,4,5,8,10]),[3,4,4,4,5,1]))"
"((47,53,66),([0,1,3,5,8],[0,1,3,8,10],[0,3,5,8,9]),([1,2,2,2,3,0],[1,3,2,1,3,0],[1,1,3,2,2,1]),(7,[2,4,6,7,11]),((133,[0,1,3,5,8,9,10]),[3,4,4,4,5,1]))"
"((38,53,68),([0,3,5,8,10],[0,1,3,8,10],[0,3,4,8,10]),([0,3,2,1,4,0],[1,3,2,1,3,0],[1,2,1,3,2,1]),(7,[2,6,7,9,11]),((133,[0,1,3,4,5,8,10]),[3,4,4,4,5,1]))"
"((38,53,66),([0,3,5,8,10],[0,1,3,8,10],[0,3,5,8,9]),([0,3,2,1,4,0],[1,3,2,1,3,0],[1,1,3,2,2,1]),(7,[2,4,6,7,11]),((133,[0,1,3,5,8,9,10]),[3,4,4,4,5,1]))"
"((38,47,68),([0,3,5,8,10],[0,1,3,5,8],[0,3,4,8,10]),([0,3,2,1,4,0],[1,2,2,2,3,0],[1,2,1,3,2,1]),(7,[2,6,7,9,11]),((133,[0,1,3,4,5,8,10]),[3,4,4,4,5,1]))"
"((38,47,66),([0,3,5,8,10],[0,1,3,5,8],[0,3,5,8,9]),([0,3,2,1,4,0],[1,2,2,2,3,0],[1,1,3,2,2,1]),(7,[2,4,6,7,11]),((133,[0,1,3,5,8,9,10]),[3,4,4,4,5,1]))"
"((46,62,72),([0,3,7,8,10],[0,3,6,8,10],[0,3,5,6,8]),([1,2,2,2,3,0],[0,3,2,2,2,1],[1,2,3,1,2,1]),(7,[1,2,4,9,11]),((138,[0,3,5,6,7,8,10]),[3,5,4,3,5,1]))"
"((46,46,62),([0,3,7,8,10],[0,3,5,7,8],[0,3,6,8,10]),([1,2,2,2,3,0],[1,2,2,2,3,0],[0,3,2,2,2,1]),(7,[1,2,4,9,11]),((138,[0,3,5,6,7,8,10]),[3,5,4,3,5,1]))"
"((46,46,72),([0,3,7,8,10],[0,3,5,7,8],[0,3,5,6,8]),([1,2,2,2,3,0],[1,2,2,2,3,0],[1,2,3,1,2,1]),(7,[1,2,4,9,11]),((138,[0,3,5,6,7,8,10]),[3,5,4,3,5,1]))"
"((46,46,66),([0,3,7,8,10],[0,3,5,7,8],[0,3,5,8,9]),([1,2,2,2,3,0],[1,2,2,2,3,0],[1,1,3,2,2,1]),(7,[1,2,4,6,11]),((138,[0,3,5,7,8,9,10]),[3,5,4,3,5,1]))"
"((38,46,62),([0,3,5,8,10],[0,3,7,8,10],[0,3,6,8,10]),([0,3,2,1,4,0],[1,2,2,2,3,0],[0,3,2,2,2,1]),(7,[1,2,4,9,11]),((138,[0,3,5,6,7,8,10]),[3,5,4,3,5,1]))"
"((38,46,72),([0,3,5,8,10],[0,3,7,8,10],[0,3,5,6,8]),([0,3,2,1,4,0],[1,2,2,2,3,0],[1,2,3,1,2,1]),(7,[1,2,4,9,11]),((138,[0,3,5,6,7,8,10]),[3,5,4,3,5,1]))"
"((38,46,66),([0,3,5,8,10],[0,3,7,8,10],[0,3,5,8,9]),([0,3,2,1,4,0],[1,2,2,2,3,0],[1,1,3,2,2,1]),(7,[1,2,4,6,11]),((138,[0,3,5,7,8,9,10]),[3,5,4,3,5,1]))"
"((38,46,62),([0,3,5,8,10],[0,3,5,7,8],[0,3,6,8,10]),([0,3,2,1,4,0],[1,2,2,2,3,0],[0,3,2,2,2,1]),(7,[1,2,4,9,11]),((138,[0,3,5,6,7,8,10]),[3,5,4,3,5,1]))"
"((38,46,72),([0,3,5,8,10],[0,3,5,7,8],[0,3,5,6,8]),([0,3,2,1,4,0],[1,2,2,2,3,0],[1,2,3,1,2,1]),(7,[1,2,4,9,11]),((138,[0,3,5,6,7,8,10]),[3,5,4,3,5,1]))"
"((38,46,66),([0,3,5,8,10],[0,3,5,7,8],[0,3,5,8,9]),([0,3,2,1,4,0],[1,2,2,2,3,0],[1,1,3,2,2,1]),(7,[1,2,4,6,11]),((138,[0,3,5,7,8,9,10]),[3,5,4,3,5,1]))"
"((46,62,72),([0,3,5,7,8],[0,3,6,8,10],[0,3,5,6,8]),([1,2,2,2,3,0],[0,3,2,2,2,1],[1,2,3,1,2,1]),(7,[1,2,4,9,11]),((138,[0,3,5,6,7,8,10]),[3,5,4,3,5,1]))"
"((46,46,62),([0,3,5,7,8],[0,3,7,8,10],[0,3,6,8,10]),([1,2,2,2,3,0],[1,2,2,2,3,0],[0,3,2,2,2,1]),(7,[1,2,4,9,11]),((138,[0,3,5,6,7,8,10]),[3,5,4,3,5,1]))"
"((46,46,72),([0,3,5,7,8],[0,3,7,8,10],[0,3,5,6,8]),([1,2,2,2,3,0],[1,2,2,2,3,0],[1,2,3,1,2,1]),(7,[1,2,4,9,11]),((138,[0,3,5,6,7,8,10]),[3,5,4,3,5,1]))"
"((46,46,66),([0,3,5,7,8],[0,3,7,8,10],[0,3,5,8,9]),([1,2,2,2,3,0],[1,2,2,2,3,0],[1,1,3,2,2,1]),(7,[1,2,4,6,11]),((138,[0,3,5,7,8,9,10]),[3,5,4,3,5,1]))"
"((53,62,66),([0,1,3,8,10],[0,3,6,8,10],[0,3,6,8,11]),([1,3,2,1,3,0],[0,3,2,2,2,1],[1,1,3,2,2,1]),(7,[2,4,5,7,9]),((139,[0,1,3,6,8,10,11]),[3,5,4,3,5,1]))"
"((53,66,69),([0,1,3,8,10],[0,3,6,8,11],[0,1,3,6,8]),([1,3,2,1,3,0],[1,1,3,2,2,1],[1,2,2,1,3,1]),(7,[2,4,5,7,9]),((139,[0,1,3,6,8,10,11]),[3,5,4,3,5,1]))"
"((53,72,74),([0,1,3,8,10],[0,2,3,5,8],[0,2,3,8,10]),([1,3,2,1,3,0],[1,2,3,1,2,1],[1,3,1,2,2,1]),(7,[4,6,7,9,11]),((139,[0,1,2,3,5,8,10]),[3,5,4,3,5,1]))"
"((62,66,69),([0,3,6,8,10],[0,3,6,8,11],[0,1,3,6,8]),([0,3,2,2,2,1],[1,1,3,2,2,1],[1,2,2,1,3,1]),(7,[2,4,5,7,9]),((139,[0,1,3,6,8,10,11]),[3,5,4,3,5,1]))"
"((47,53,74),([0,1,3,5,8],[0,1,3,8,10],[0,2,3,8,10]),([1,2,2,2,3,0],[1,3,2,1,3,0],[1,3,1,2,2,1]),(7,[4,6,7,9,11]),((139,[0,1,2,3,5,8,10]),[3,5,4,3,5,1]))"
"((47,53,66),([0,1,3,5,8],[0,1,3,8,10],[0,3,5,8,11]),([1,2,2,2,3,0],[1,3,2,1,3,0],[1,1,3,2,2,1]),(7,[2,4,6,7,9]),((139,[0,1,3,5,8,10,11]),[3,5,4,3,5,1]))"
"((47,53,72),([0,1,3,5,8],[0,1,3,8,10],[0,2,3,5,8]),([1,2,2,2,3,0],[1,3,2,1,3,0],[1,2,3,1,2,1]),(7,[4,6,7,9,11]),((139,[0,1,2,3,5,8,10]),[3,5,4,3,5,1]))"
"((47,72,74),([0,1,3,5,8],[0,2,3,5,8],[0,2,3,8,10]),([1,2,2,2,3,0],[1,2,3,1,2,1],[1,3,1,2,2,1]),(7,[4,6,7,9,11]),((139,[0,1,2,3,5,8,10]),[3,5,4,3,5,1]))"
"((38,53,74),([0,3,5,8,10],[0,1,3,8,10],[0,2,3,8,10]),([0,3,2,1,4,0],[1,3,2,1,3,0],[1,3,1,2,2,1]),(7,[4,6,7,9,11]),((139,[0,1,2,3,5,8,10]),[3,5,4,3,5,1]))"
"((38,53,66),([0,3,5,8,10],[0,1,3,8,10],[0,3,5,8,11]),([0,3,2,1,4,0],[1,3,2,1,3,0],[1,1,3,2,2,1]),(7,[2,4,6,7,9]),((139,[0,1,3,5,8,10,11]),[3,5,4,3,5,1]))"
"((38,53,72),([0,3,5,8,10],[0,1,3,8,10],[0,2,3,5,8]),([0,3,2,1,4,0],[1,3,2,1,3,0],[1,2,3,1,2,1]),(7,[4,6,7,9,11]),((139,[0,1,2,3,5,8,10]),[3,5,4,3,5,1]))"
"((38,47,74),([0,3,5,8,10],[0,1,3,5,8],[0,2,3,8,10]),([0,3,2,1,4,0],[1,2,2,2,3,0],[1,3,1,2,2,1]),(7,[4,6,7,9,11]),((139,[0,1,2,3,5,8,10]),[3,5,4,3,5,1]))"
"((38,47,66),([0,3,5,8,10],[0,1,3,5,8],[0,3,5,8,11]),([0,3,2,1,4,0],[1,2,2,2,3,0],[1,1,3,2,2,1]),(7,[2,4,6,7,9]),((139,[0,1,3,5,8,10,11]),[3,5,4,3,5,1]))"
"((38,47,72),([0,3,5,8,10],[0,1,3,5,8],[0,2,3,5,8]),([0,3,2,1,4,0],[1,2,2,2,3,0],[1,2,3,1,2,1]),(7,[4,6,7,9,11]),((139,[0,1,2,3,5,8,10]),[3,5,4,3,5,1]))"
"((46,62,66),([0,3,7,8,10],[0,3,6,8,10],[0,3,6,8,11]),([1,2,2,2,3,0],[0,3,2,2,2,1],[1,1,3,2,2,1]),(7,[1,2,4,5,9]),((141,[0,3,6,7,8,10,11]),[4,3,4,5,4,1]))"
"((53,62,68),([0,1,3,8,10],[0,3,6,8,10],[0,3,4,8,10]),([1,3,2,1,3,0],[0,3,2,2,2,1],[1,2,1,3,2,1]),(7,[2,5,7,9,11]),((148,[0,1,3,4,6,8,10]),[2,5,4,4,4,2]))"
"((53,68,69),([0,1,3,8,10],[0,3,4,8,10],[0,1,3,6,8]),([1,3,2,1,3,0],[1,2,1,3,2,1],[1,2,2,1,3,1]),(7,[2,5,7,9,11]),((148,[0,1,3,4,6,8,10]),[2,5,4,4,4,2]))"
"((62,68,69),([0,3,6,8,10],[0,3,4,8,10],[0,1,3,6,8]),([0,3,2,2,2,1],[1,2,1,3,2,1],[1,2,2,1,3,1]),(7,[2,5,7,9,11]),((148,[0,1,3,4,6,8,10]),[2,5,4,4,4,2]))"
"((62,72,74),([0,3,6,8,10],[0,3,5,6,8],[0,2,3,8,10]),([0,3,2,2,2,1],[1,2,3,1,2,1],[1,3,1,2,2,1]),(7,[1,4,7,9,11]),((148,[0,2,3,5,6,8,10]),[2,5,4,4,4,2]))"
"((62,72,72),([0,3,6,8,10],[0,3,5,6,8],[0,2,3,5,8]),([0,3,2,2,2,1],[1,2,3,1,2,1],[1,2,3,1,2,1]),(7,[1,4,7,9,11]),((148,[0,2,3,5,6,8,10]),[2,5,4,4,4,2]))"
"((62,72,74),([0,3,6,8,10],[0,2,3,5,8],[0,2,3,8,10]),([0,3,2,2,2,1],[1,2,3,1,2,1],[1,3,1,2,2,1]),(7,[1,4,7,9,11]),((148,[0,2,3,5,6,8,10]),[2,5,4,4,4,2]))"
"((62,72,72),([0,3,6,8,10],[0,2,3,5,8],[0,3,5,6,8]),([0,3,2,2,2,1],[1,2,3,1,2,1],[1,2,3,1,2,1]),(7,[1,4,7,9,11]),((148,[0,2,3,5,6,8,10]),[2,5,4,4,4,2]))"
"((38,62,74),([0,3,5,8,10],[0,3,6,8,10],[0,2,3,8,10]),([0,3,2,1,4,0],[0,3,2,2,2,1],[1,3,1,2,2,1]),(7,[1,4,7,9,11]),((148,[0,2,3,5,6,8,10]),[2,5,4,4,4,2]))"
"((38,62,72),([0,3,5,8,10],[0,3,6,8,10],[0,2,3,5,8]),([0,3,2,1,4,0],[0,3,2,2,2,1],[1,2,3,1,2,1]),(7,[1,4,7,9,11]),((148,[0,2,3,5,6,8,10]),[2,5,4,4,4,2]))"
"((38,72,74),([0,3,5,8,10],[0,3,5,6,8],[0,2,3,8,10]),([0,3,2,1,4,0],[1,2,3,1,2,1],[1,3,1,2,2,1]),(7,[1,4,7,9,11]),((148,[0,2,3,5,6,8,10]),[2,5,4,4,4,2]))"
"((38,72,72),([0,3,5,8,10],[0,3,5,6,8],[0,2,3,5,8]),([0,3,2,1,4,0],[1,2,3,1,2,1],[1,2,3,1,2,1]),(7,[1,4,7,9,11]),((148,[0,2,3,5,6,8,10]),[2,5,4,4,4,2]))"
"((38,72,72),([0,3,5,8,10],[0,2,3,5,8],[0,3,5,6,8]),([0,3,2,1,4,0],[1,2,3,1,2,1],[1,2,3,1,2,1]),(7,[1,4,7,9,11]),((148,[0,2,3,5,6,8,10]),[2,5,4,4,4,2]))"
"((72,72,74),([0,3,5,6,8],[0,2,3,5,8],[0,2,3,8,10]),([1,2,3,1,2,1],[1,2,3,1,2,1],[1,3,1,2,2,1]),(7,[1,4,7,9,11]),((148,[0,2,3,5,6,8,10]),[2,5,4,4,4,2]))"
"((72,72,74),([0,2,3,5,8],[0,3,5,6,8],[0,2,3,8,10]),([1,2,3,1,2,1],[1,2,3,1,2,1],[1,3,1,2,2,1]),(7,[1,4,7,9,11]),((148,[0,2,3,5,6,8,10]),[2,5,4,4,4,2]))"
"((46,53,68),([0,3,7,8,10],[0,1,3,8,10],[0,3,4,8,10]),([1,2,2,2,3,0],[1,3,2,1,3,0],[1,2,1,3,2,1]),(7,[2,5,6,9,11]),((151,[0,1,3,4,7,8,10]),[3,3,5,4,4,2]))"
"((46,66,72),([0,3,5,7,8],[0,3,5,8,11],[0,2,3,5,8]),([1,2,2,2,3,0],[1,1,3,2,2,1],[1,2,3,1,2,1]),(7,[1,4,6,9,10]),((151,[0,2,3,5,7,8,11]),[3,3,5,4,4,2]))"
"((47,66,69),([0,1,3,5,8],[0,3,5,8,9],[0,1,3,6,8]),([1,2,2,2,3,0],[1,1,3,2,2,1],[1,2,2,1,3,1]),(7,[2,4,7,10,11]),((152,[0,1,3,5,6,8,9]),[3,3,5,4,4,2]))"
"((47,66,72),([0,1,3,5,8],[0,3,5,8,9],[0,3,5,6,8]),([1,2,2,2,3,0],[1,1,3,2,2,1],[1,2,3,1,2,1]),(7,[2,4,7,10,11]),((152,[0,1,3,5,6,8,9]),[3,3,5,4,4,2]))"
"((66,69,72),([0,3,5,8,9],[0,1,3,6,8],[0,3,5,6,8]),([1,1,3,2,2,1],[1,2,2,1,3,1],[1,2,3,1,2,1]),(7,[2,4,7,10,11]),((152,[0,1,3,5,6,8,9]),[3,3,5,4,4,2]))"
"((46,62,74),([0,3,7,8,10],[0,3,6,8,10],[0,2,3,8,10]),([1,2,2,2,3,0],[0,3,2,2,2,1],[1,3,1,2,2,1]),(7,[1,4,5,9,11]),((153,[0,2,3,6,7,8,10]),[3,4,3,5,4,2]))"
"((46,68,74),([0,3,7,8,10],[0,3,4,8,10],[0,2,3,8,10]),([1,2,2,2,3,0],[1,2,1,3,2,1],[1,3,1,2,2,1]),(7,[1,5,6,9,11]),((153,[0,2,3,4,7,8,10]),[3,4,3,5,4,2]))"
"((46,47,66),([0,3,5,7,8],[0,1,3,5,8],[0,3,5,8,11]),([1,2,2,2,3,0],[1,2,2,2,3,0],[1,1,3,2,2,1]),(7,[2,4,6,9,10]),((153,[0,1,3,5,7,8,11]),[3,4,3,5,4,2]))"
"((46,47,66),([0,3,5,7,8],[0,1,3,5,8],[0,3,5,8,9]),([1,2,2,2,3,0],[1,2,2,2,3,0],[1,1,3,2,2,1]),(7,[2,4,6,10,11]),((153,[0,1,3,5,7,8,9]),[3,4,3,5,4,2]))"
"((62,66,68),([0,3,6,8,10],[0,3,6,8,11],[0,3,4,8,10]),([0,3,2,2,2,1],[1,1,3,2,2,1],[1,2,1,3,2,1]),(7,[1,2,5,7,9]),((154,[0,3,4,6,8,10,11]),[3,4,3,5,4,2]))"
"((46,53,62),([0,3,7,8,10],[0,1,3,8,10],[0,3,6,8,10]),([1,2,2,2,3,0],[1,3,2,1,3,0],[0,3,2,2,2,1]),(7,[2,4,5,9,11]),((154,[0,1,3,6,7,8,10]),[3,4,4,3,5,2]))"
"((46,53,69),([0,3,7,8,10],[0,1,3,8,10],[0,1,3,6,8]),([1,2,2,2,3,0],[1,3,2,1,3,0],[1,2,2,1,3,1]),(7,[2,4,5,9,11]),((154,[0,1,3,6,7,8,10]),[3,4,4,3,5,2]))"
"((46,62,69),([0,3,7,8,10],[0,3,6,8,10],[0,1,3,6,8]),([1,2,2,2,3,0],[0,3,2,2,2,1],[1,2,2,1,3,1]),(7,[2,4,5,9,11]),((154,[0,1,3,6,7,8,10]),[3,4,4,3,5,2]))"
"((46,66,72),([0,3,5,7,8],[0,3,5,8,9],[0,2,3,5,8]),([1,2,2,2,3,0],[1,1,3,2,2,1],[1,2,3,1,2,1]),(7,[1,4,6,10,11]),((154,[0,2,3,5,7,8,9]),[3,4,4,3,5,2]))"
"((62,66,72),([0,3,6,8,10],[0,3,5,8,11],[0,3,5,6,8]),([0,3,2,2,2,1],[1,1,3,2,2,1],[1,2,3,1,2,1]),(7,[1,2,4,7,9]),((155,[0,3,5,6,8,10,11]),[3,4,4,3,5,2]))"
"((62,66,66),([0,3,6,8,10],[0,3,5,8,11],[0,3,6,8,11]),([0,3,2,2,2,1],[1,1,3,2,2,1],[1,1,3,2,2,1]),(7,[1,2,4,7,9]),((155,[0,3,5,6,8,10,11]),[3,4,4,3,5,2]))"
"((62,66,72),([0,3,6,8,10],[0,3,6,8,11],[0,3,5,6,8]),([0,3,2,2,2,1],[1,1,3,2,2,1],[1,2,3,1,2,1]),(7,[1,2,4,7,9]),((155,[0,3,5,6,8,10,11]),[3,4,4,3,5,2]))"
"((62,66,66),([0,3,6,8,10],[0,3,6,8,11],[0,3,5,8,11]),([0,3,2,2,2,1],[1,1,3,2,2,1],[1,1,3,2,2,1]),(7,[1,2,4,7,9]),((155,[0,3,5,6,8,10,11]),[3,4,4,3,5,2]))"
"((47,66,69),([0,1,3,5,8],[0,3,5,8,11],[0,1,3,6,8]),([1,2,2,2,3,0],[1,1,3,2,2,1],[1,2,2,1,3,1]),(7,[2,4,7,9,10]),((155,[0,1,3,5,6,8,11]),[3,4,4,3,5,2]))"
"((47,66,72),([0,1,3,5,8],[0,3,5,8,11],[0,3,5,6,8]),([1,2,2,2,3,0],[1,1,3,2,2,1],[1,2,3,1,2,1]),(7,[2,4,7,9,10]),((155,[0,1,3,5,6,8,11]),[3,4,4,3,5,2]))"
"((47,66,66),([0,1,3,5,8],[0,3,5,8,11],[0,3,6,8,11]),([1,2,2,2,3,0],[1,1,3,2,2,1],[1,1,3,2,2,1]),(7,[2,4,7,9,10]),((155,[0,1,3,5,6,8,11]),[3,4,4,3,5,2]))"
"((47,66,69),([0,1,3,5,8],[0,3,6,8,11],[0,1,3,6,8]),([1,2,2,2,3,0],[1,1,3,2,2,1],[1,2,2,1,3,1]),(7,[2,4,7,9,10]),((155,[0,1,3,5,6,8,11]),[3,4,4,3,5,2]))"
"((47,66,72),([0,1,3,5,8],[0,3,6,8,11],[0,3,5,6,8]),([1,2,2,2,3,0],[1,1,3,2,2,1],[1,2,3,1,2,1]),(7,[2,4,7,9,10]),((155,[0,1,3,5,6,8,11]),[3,4,4,3,5,2]))"
"((47,66,66),([0,1,3,5,8],[0,3,6,8,11],[0,3,5,8,11]),([1,2,2,2,3,0],[1,1,3,2,2,1],[1,1,3,2,2,1]),(7,[2,4,7,9,10]),((155,[0,1,3,5,6,8,11]),[3,4,4,3,5,2]))"
"((38,62,66),([0,3,5,8,10],[0,3,6,8,10],[0,3,5,8,11]),([0,3,2,1,4,0],[0,3,2,2,2,1],[1,1,3,2,2,1]),(7,[1,2,4,7,9]),((155,[0,3,5,6,8,10,11]),[3,4,4,3,5,2]))"
"((38,62,66),([0,3,5,8,10],[0,3,6,8,10],[0,3,6,8,11]),([0,3,2,1,4,0],[0,3,2,2,2,1],[1,1,3,2,2,1]),(7,[1,2,4,7,9]),((155,[0,3,5,6,8,10,11]),[3,4,4,3,5,2]))"
"((38,66,72),([0,3,5,8,10],[0,3,5,8,11],[0,3,5,6,8]),([0,3,2,1,4,0],[1,1,3,2,2,1],[1,2,3,1,2,1]),(7,[1,2,4,7,9]),((155,[0,3,5,6,8,10,11]),[3,4,4,3,5,2]))"
"((38,66,66),([0,3,5,8,10],[0,3,5,8,11],[0,3,6,8,11]),([0,3,2,1,4,0],[1,1,3,2,2,1],[1,1,3,2,2,1]),(7,[1,2,4,7,9]),((155,[0,3,5,6,8,10,11]),[3,4,4,3,5,2]))"
"((38,66,74),([0,3,5,8,10],[0,3,5,8,9],[0,2,3,8,10]),([0,3,2,1,4,0],[1,1,3,2,2,1],[1,3,1,2,2,1]),(7,[1,4,6,7,11]),((155,[0,2,3,5,8,9,10]),[3,4,4,3,5,2]))"
"((38,66,72),([0,3,5,8,10],[0,3,5,8,9],[0,2,3,5,8]),([0,3,2,1,4,0],[1,1,3,2,2,1],[1,2,3,1,2,1]),(7,[1,4,6,7,11]),((155,[0,2,3,5,8,9,10]),[3,4,4,3,5,2]))"
"((38,66,72),([0,3,5,8,10],[0,3,6,8,11],[0,3,5,6,8]),([0,3,2,1,4,0],[1,1,3,2,2,1],[1,2,3,1,2,1]),(7,[1,2,4,7,9]),((155,[0,3,5,6,8,10,11]),[3,4,4,3,5,2]))"
"((38,66,66),([0,3,5,8,10],[0,3,6,8,11],[0,3,5,8,11]),([0,3,2,1,4,0],[1,1,3,2,2,1],[1,1,3,2,2,1]),(7,[1,2,4,7,9]),((155,[0,3,5,6,8,10,11]),[3,4,4,3,5,2]))"
"((66,69,72),([0,3,5,8,11],[0,1,3,6,8],[0,3,5,6,8]),([1,1,3,2,2,1],[1,2,2,1,3,1],[1,2,3,1,2,1]),(7,[2,4,7,9,10]),((155,[0,1,3,5,6,8,11]),[3,4,4,3,5,2]))"
"((66,66,69),([0,3,5,8,11],[0,3,6,8,11],[0,1,3,6,8]),([1,1,3,2,2,1],[1,1,3,2,2,1],[1,2,2,1,3,1]),(7,[2,4,7,9,10]),((155,[0,1,3,5,6,8,11]),[3,4,4,3,5,2]))"
"((66,72,74),([0,3,5,8,9],[0,2,3,5,8],[0,2,3,8,10]),([1,1,3,2,2,1],[1,2,3,1,2,1],[1,3,1,2,2,1]),(7,[1,4,6,7,11]),((155,[0,2,3,5,8,9,10]),[3,4,4,3,5,2]))"
"((66,69,72),([0,3,6,8,11],[0,1,3,6,8],[0,3,5,6,8]),([1,1,3,2,2,1],[1,2,2,1,3,1],[1,2,3,1,2,1]),(7,[2,4,7,9,10]),((155,[0,1,3,5,6,8,11]),[3,4,4,3,5,2]))"
"((66,66,69),([0,3,6,8,11],[0,3,5,8,11],[0,1,3,6,8]),([1,1,3,2,2,1],[1,1,3,2,2,1],[1,2,2,1,3,1]),(7,[2,4,7,9,10]),((155,[0,1,3,5,6,8,11]),[3,4,4,3,5,2]))"
"((46,62,68),([0,3,7,8,10],[0,3,6,8,10],[0,3,4,8,10]),([1,2,2,2,3,0],[0,3,2,2,2,1],[1,2,1,3,2,1]),(7,[1,2,5,9,11]),((156,[0,3,4,6,7,8,10]),[3,4,4,5,3,2]))"
"((46,66,66),([0,3,5,7,8],[0,3,5,8,11],[0,3,5,8,9]),([1,2,2,2,3,0],[1,1,3,2,2,1],[1,1,3,2,2,1]),(7,[1,2,4,6,10]),((156,[0,3,5,7,8,9,11]),[3,4,4,5,3,2]))"
"((46,66,66),([0,3,5,7,8],[0,3,5,8,9],[0,3,5,8,11]),([1,2,2,2,3,0],[1,1,3,2,2,1],[1,1,3,2,2,1]),(7,[1,2,4,6,10]),((156,[0,3,5,7,8,9,11]),[3,4,4,5,3,2]))"
"((62,66,74),([0,3,6,8,10],[0,3,6,8,11],[0,2,3,8,10]),([0,3,2,2,2,1],[1,1,3,2,2,1],[1,3,1,2,2,1]),(7,[1,4,5,7,9]),((157,[0,2,3,6,8,10,11]),[3,4,4,5,3,2]))"
"((47,66,66),([0,1,3,5,8],[0,3,5,8,11],[0,3,5,8,9]),([1,2,2,2,3,0],[1,1,3,2,2,1],[1,1,3,2,2,1]),(7,[2,4,6,7,10]),((157,[0,1,3,5,8,9,11]),[3,4,4,5,3,2]))"
"((47,66,66),([0,1,3,5,8],[0,3,5,8,9],[0,3,5,8,11]),([1,2,2,2,3,0],[1,1,3,2,2,1],[1,1,3,2,2,1]),(7,[2,4,6,7,10]),((157,[0,1,3,5,8,9,11]),[3,4,4,5,3,2]))"
"((62,66,72),([0,3,6,8,10],[0,3,5,8,9],[0,3,5,6,8]),([0,3,2,2,2,1],[1,1,3,2,2,1],[1,2,3,1,2,1]),(7,[1,2,4,7,11]),((158,[0,3,5,6,8,9,10]),[3,4,5,3,4,2]))"
"((38,62,66),([0,3,5,8,10],[0,3,6,8,10],[0,3,5,8,9]),([0,3,2,1,4,0],[0,3,2,2,2,1],[1,1,3,2,2,1]),(7,[1,2,4,7,11]),((158,[0,3,5,6,8,9,10]),[3,4,5,3,4,2]))"
"((38,66,74),([0,3,5,8,10],[0,3,5,8,11],[0,2,3,8,10]),([0,3,2,1,4,0],[1,1,3,2,2,1],[1,3,1,2,2,1]),(7,[1,4,6,7,9]),((158,[0,2,3,5,8,10,11]),[3,4,5,3,4,2]))"
"((38,66,72),([0,3,5,8,10],[0,3,5,8,11],[0,2,3,5,8]),([0,3,2,1,4,0],[1,1,3,2,2,1],[1,2,3,1,2,1]),(7,[1,4,6,7,9]),((158,[0,2,3,5,8,10,11]),[3,4,5,3,4,2]))"
"((38,66,72),([0,3,5,8,10],[0,3,5,8,9],[0,3,5,6,8]),([0,3,2,1,4,0],[1,1,3,2,2,1],[1,2,3,1,2,1]),(7,[1,2,4,7,11]),((158,[0,3,5,6,8,9,10]),[3,4,5,3,4,2]))"
"((66,72,74),([0,3,5,8,11],[0,2,3,5,8],[0,2,3,8,10]),([1,1,3,2,2,1],[1,2,3,1,2,1],[1,3,1,2,2,1]),(7,[1,4,6,7,9]),((158,[0,2,3,5,8,10,11]),[3,4,5,3,4,2]))"
"((53,62,74),([0,1,3,8,10],[0,3,6,8,10],[0,2,3,8,10]),([1,3,2,1,3,0],[0,3,2,2,2,1],[1,3,1,2,2,1]),(7,[4,5,7,9,11]),((160,[0,1,2,3,6,8,10]),[3,5,3,4,4,2]))"
"((53,69,74),([0,1,3,8,10],[0,1,3,6,8],[0,2,3,8,10]),([1,3,2,1,3,0],[1,2,2,1,3,1],[1,3,1,2,2,1]),(7,[4,5,7,9,11]),((160,[0,1,2,3,6,8,10]),[3,5,3,4,4,2]))"
"((62,68,72),([0,3,6,8,10],[0,3,4,8,10],[0,3,5,6,8]),([0,3,2,2,2,1],[1,2,1,3,2,1],[1,2,3,1,2,1]),(7,[1,2,7,9,11]),((160,[0,3,4,5,6,8,10]),[3,5,3,4,4,2]))"
"((62,69,74),([0,3,6,8,10],[0,1,3,6,8],[0,2,3,8,10]),([0,3,2,2,2,1],[1,2,2,1,3,1],[1,3,1,2,2,1]),(7,[4,5,7,9,11]),((160,[0,1,2,3,6,8,10]),[3,5,3,4,4,2]))"
"((68,72,74),([0,3,4,8,10],[0,2,3,5,8],[0,2,3,8,10]),([1,2,1,3,2,1],[1,2,3,1,2,1],[1,3,1,2,2,1]),(7,[1,6,7,9,11]),((160,[0,2,3,4,5,8,10]),[3,5,3,4,4,2]))"
"((38,62,68),([0,3,5,8,10],[0,3,6,8,10],[0,3,4,8,10]),([0,3,2,1,4,0],[0,3,2,2,2,1],[1,2,1,3,2,1]),(7,[1,2,7,9,11]),((160,[0,3,4,5,6,8,10]),[3,5,3,4,4,2]))"
"((38,68,74),([0,3,5,8,10],[0,3,4,8,10],[0,2,3,8,10]),([0,3,2,1,4,0],[1,2,1,3,2,1],[1,3,1,2,2,1]),(7,[1,6,7,9,11]),((160,[0,2,3,4,5,8,10]),[3,5,3,4,4,2]))"
"((38,68,72),([0,3,5,8,10],[0,3,4,8,10],[0,3,5,6,8]),([0,3,2,1,4,0],[1,2,1,3,2,1],[1,2,3,1,2,1]),(7,[1,2,7,9,11]),((160,[0,3,4,5,6,8,10]),[3,5,3,4,4,2]))"
"((38,68,72),([0,3,5,8,10],[0,3,4,8,10],[0,2,3,5,8]),([0,3,2,1,4,0],[1,2,1,3,2,1],[1,2,3,1,2,1]),(7,[1,6,7,9,11]),((160,[0,2,3,4,5,8,10]),[3,5,3,4,4,2]))"
"((38,66,68),([0,3,5,8,10],[0,3,5,8,11],[0,3,4,8,10]),([0,3,2,1,4,0],[1,1,3,2,2,1],[1,2,1,3,2,1]),(7,[1,2,6,7,9]),((161,[0,3,4,5,8,10,11]),[4,3,3,4,5,2]))"
"((38,66,68),([0,3,5,8,10],[0,3,5,8,9],[0,3,4,8,10]),([0,3,2,1,4,0],[1,1,3,2,2,1],[1,2,1,3,2,1]),(7,[1,2,6,7,11]),((161,[0,3,4,5,8,9,10]),[4,3,3,4,5,2]))"
"((46,66,72),([0,3,5,7,8],[0,3,5,8,11],[0,3,5,6,8]),([1,2,2,2,3,0],[1,1,3,2,2,1],[1,2,3,1,2,1]),(7,[1,2,4,9,10]),((163,[0,3,5,6,7,8,11]),[4,3,4,4,4,2]))"
"((46,66,66),([0,3,5,7,8],[0,3,5,8,11],[0,3,6,8,11]),([1,2,2,2,3,0],[1,1,3,2,2,1],[1,1,3,2,2,1]),(7,[1,2,4,9,10]),((163,[0,3,5,6,7,8,11]),[4,3,4,4,4,2]))"
"((46,66,72),([0,3,5,7,8],[0,3,6,8,11],[0,3,5,6,8]),([1,2,2,2,3,0],[1,1,3,2,2,1],[1,2,3,1,2,1]),(7,[1,2,4,9,10]),((163,[0,3,5,6,7,8,11]),[4,3,4,4,4,2]))"
"((46,66,66),([0,3,5,7,8],[0,3,6,8,11],[0,3,5,8,11]),([1,2,2,2,3,0],[1,1,3,2,2,1],[1,1,3,2,2,1]),(7,[1,2,4,9,10]),((163,[0,3,5,6,7,8,11]),[4,3,4,4,4,2]))"
"((47,66,72),([0,1,3,5,8],[0,3,5,8,9],[0,2,3,5,8]),([1,2,2,2,3,0],[1,1,3,2,2,1],[1,2,3,1,2,1]),(7,[4,6,7,10,11]),((164,[0,1,2,3,5,8,9]),[4,3,4,4,4,2]))"
"((46,53,74),([0,3,7,8,10],[0,1,3,8,10],[0,2,3,8,10]),([1,2,2,2,3,0],[1,3,2,1,3,0],[1,3,1,2,2,1]),(7,[4,5,6,9,11]),((166,[0,1,2,3,7,8,10]),[4,4,3,3,5,2]))"
"((46,47,69),([0,3,5,7,8],[0,1,3,5,8],[0,1,3,6,8]),([1,2,2,2,3,0],[1,2,2,2,3,0],[1,2,2,1,3,1]),(7,[2,4,9,10,11]),((166,[0,1,3,5,6,7,8]),[4,4,3,3,5,2]))"
"((46,47,72),([0,3,5,7,8],[0,1,3,5,8],[0,3,5,6,8]),([1,2,2,2,3,0],[1,2,2,2,3,0],[1,2,3,1,2,1]),(7,[2,4,9,10,11]),((166,[0,1,3,5,6,7,8]),[4,4,3,3,5,2]))"
"((46,47,72),([0,3,5,7,8],[0,1,3,5,8],[0,2,3,5,8]),([1,2,2,2,3,0],[1,2,2,2,3,0],[1,2,3,1,2,1]),(7,[4,6,9,10,11]),((166,[0,1,2,3,5,7,8]),[4,4,3,3,5,2]))"
"((46,69,72),([0,3,5,7,8],[0,1,3,6,8],[0,3,5,6,8]),([1,2,2,2,3,0],[1,2,2,1,3,1],[1,2,3,1,2,1]),(7,[2,4,9,10,11]),((166,[0,1,3,5,6,7,8]),[4,4,3,3,5,2]))"
"((46,72,72),([0,3,5,7,8],[0,3,5,6,8],[0,2,3,5,8]),([1,2,2,2,3,0],[1,2,3,1,2,1],[1,2,3,1,2,1]),(7,[1,4,9,10,11]),((169,[0,2,3,5,6,7,8]),[4,4,4,3,4,2]))"
"((46,72,72),([0,3,5,7,8],[0,2,3,5,8],[0,3,5,6,8]),([1,2,2,2,3,0],[1,2,3,1,2,1],[1,2,3,1,2,1]),(7,[1,4,9,10,11]),((169,[0,2,3,5,6,7,8]),[4,4,4,3,4,2]))"
"((47,69,72),([0,1,3,5,8],[0,1,3,6,8],[0,2,3,5,8]),([1,2,2,2,3,0],[1,2,2,1,3,1],[1,2,3,1,2,1]),(7,[4,7,9,10,11]),((170,[0,1,2,3,5,6,8]),[4,4,4,3,4,2]))"
"((47,72,72),([0,1,3,5,8],[0,3,5,6,8],[0,2,3,5,8]),([1,2,2,2,3,0],[1,2,3,1,2,1],[1,2,3,1,2,1]),(7,[4,7,9,10,11]),((170,[0,1,2,3,5,6,8]),[4,4,4,3,4,2]))"
"((47,72,72),([0,1,3,5,8],[0,2,3,5,8],[0,3,5,6,8]),([1,2,2,2,3,0],[1,2,3,1,2,1],[1,2,3,1,2,1]),(7,[4,7,9,10,11]),((170,[0,1,2,3,5,6,8]),[4,4,4,3,4,2]))"
"((38,66,66),([0,3,5,8,10],[0,3,5,8,11],[0,3,5,8,9]),([0,3,2,1,4,0],[1,1,3,2,2,1],[1,1,3,2,2,1]),(7,[1,2,4,6,7]),((170,[0,3,5,8,9,10,11]),[4,4,4,3,4,2]))"
"((38,66,66),([0,3,5,8,10],[0,3,5,8,9],[0,3,5,8,11]),([0,3,2,1,4,0],[1,1,3,2,2,1],[1,1,3,2,2,1]),(7,[1,2,4,6,7]),((170,[0,3,5,8,9,10,11]),[4,4,4,3,4,2]))"
"((69,72,72),([0,1,3,6,8],[0,3,5,6,8],[0,2,3,5,8]),([1,2,2,1,3,1],[1,2,3,1,2,1],[1,2,3,1,2,1]),(7,[4,7,9,10,11]),((170,[0,1,2,3,5,6,8]),[4,4,4,3,4,2]))"
"((69,72,72),([0,1,3,6,8],[0,2,3,5,8],[0,3,5,6,8]),([1,2,2,1,3,1],[1,2,3,1,2,1],[1,2,3,1,2,1]),(7,[4,7,9,10,11]),((170,[0,1,2,3,5,6,8]),[4,4,4,3,4,2]))"
"((46,66,72),([0,3,5,7,8],[0,3,5,8,9],[0,3,5,6,8]),([1,2,2,2,3,0],[1,1,3,2,2,1],[1,2,3,1,2,1]),(7,[1,2,4,10,11]),((172,[0,3,5,6,7,8,9]),[4,4,5,3,3,2]))"
"((47,66,72),([0,1,3,5,8],[0,3,5,8,11],[0,2,3,5,8]),([1,2,2,2,3,0],[1,1,3,2,2,1],[1,2,3,1,2,1]),(7,[4,6,7,9,10]),((173,[0,1,2,3,5,8,11]),[4,4,5,3,3,2]))"
"((62,68,74),([0,3,6,8,10],[0,3,4,8,10],[0,2,3,8,10]),([0,3,2,2,2,1],[1,2,1,3,2,1],[1,3,1,2,2,1]),(7,[1,5,7,9,11]),((174,[0,2,3,4,6,8,10]),[2,6,2,6,2,3]))"
"((53,68,74),([0,1,3,8,10],[0,3,4,8,10],[0,2,3,8,10]),([1,3,2,1,3,0],[1,2,1,3,2,1],[1,3,1,2,2,1]),(7,[5,6,7,9,11]),((175,[0,1,2,3,4,8,10]),[4,5,3,4,3,2]))"
"((66,72,72),([0,3,5,8,11],[0,3,5,6,8],[0,2,3,5,8]),([1,1,3,2,2,1],[1,2,3,1,2,1],[1,2,3,1,2,1]),(7,[1,4,7,9,10]),((177,[0,2,3,5,6,8,11]),[3,3,6,3,3,3]))"
"((66,66,72),([0,3,5,8,11],[0,3,5,8,9],[0,3,5,6,8]),([1,1,3,2,2,1],[1,1,3,2,2,1],[1,2,3,1,2,1]),(7,[1,2,4,7,10]),((177,[0,3,5,6,8,9,11]),[3,3,6,3,3,3]))"
"((66,66,66),([0,3,5,8,11],[0,3,5,8,9],[0,3,6,8,11]),([1,1,3,2,2,1],[1,1,3,2,2,1],[1,1,3,2,2,1]),(7,[1,2,4,7,10]),((177,[0,3,5,6,8,9,11]),[3,3,6,3,3,3]))"
"((66,66,72),([0,3,5,8,11],[0,3,5,8,9],[0,2,3,5,8]),([1,1,3,2,2,1],[1,1,3,2,2,1],[1,2,3,1,2,1]),(7,[1,4,6,7,10]),((177,[0,2,3,5,8,9,11]),[3,3,6,3,3,3]))"
"((66,66,66),([0,3,5,8,11],[0,3,6,8,11],[0,3,5,8,9]),([1,1,3,2,2,1],[1,1,3,2,2,1],[1,1,3,2,2,1]),(7,[1,2,4,7,10]),((177,[0,3,5,6,8,9,11]),[3,3,6,3,3,3]))"
"((66,66,72),([0,3,5,8,11],[0,3,6,8,11],[0,2,3,5,8]),([1,1,3,2,2,1],[1,1,3,2,2,1],[1,2,3,1,2,1]),(7,[1,4,7,9,10]),((177,[0,2,3,5,6,8,11]),[3,3,6,3,3,3]))"
"((66,72,72),([0,3,5,8,11],[0,2,3,5,8],[0,3,5,6,8]),([1,1,3,2,2,1],[1,2,3,1,2,1],[1,2,3,1,2,1]),(7,[1,4,7,9,10]),((177,[0,2,3,5,6,8,11]),[3,3,6,3,3,3]))"
"((66,72,72),([0,3,5,8,9],[0,3,5,6,8],[0,2,3,5,8]),([1,1,3,2,2,1],[1,2,3,1,2,1],[1,2,3,1,2,1]),(7,[1,4,7,10,11]),((177,[0,2,3,5,6,8,9]),[3,3,6,3,3,3]))"
"((66,66,72),([0,3,5,8,9],[0,3,5,8,11],[0,3,5,6,8]),([1,1,3,2,2,1],[1,1,3,2,2,1],[1,2,3,1,2,1]),(7,[1,2,4,7,10]),((177,[0,3,5,6,8,9,11]),[3,3,6,3,3,3]))"
"((66,66,66),([0,3,5,8,9],[0,3,5,8,11],[0,3,6,8,11]),([1,1,3,2,2,1],[1,1,3,2,2,1],[1,1,3,2,2,1]),(7,[1,2,4,7,10]),((177,[0,3,5,6,8,9,11]),[3,3,6,3,3,3]))"
"((66,66,72),([0,3,5,8,9],[0,3,5,8,11],[0,2,3,5,8]),([1,1,3,2,2,1],[1,1,3,2,2,1],[1,2,3,1,2,1]),(7,[1,4,6,7,10]),((177,[0,2,3,5,8,9,11]),[3,3,6,3,3,3]))"
"((66,66,72),([0,3,5,8,9],[0,3,6,8,11],[0,3,5,6,8]),([1,1,3,2,2,1],[1,1,3,2,2,1],[1,2,3,1,2,1]),(7,[1,2,4,7,10]),((177,[0,3,5,6,8,9,11]),[3,3,6,3,3,3]))"
"((66,66,66),([0,3,5,8,9],[0,3,6,8,11],[0,3,5,8,11]),([1,1,3,2,2,1],[1,1,3,2,2,1],[1,1,3,2,2,1]),(7,[1,2,4,7,10]),((177,[0,3,5,6,8,9,11]),[3,3,6,3,3,3]))"
"((66,72,72),([0,3,5,8,9],[0,2,3,5,8],[0,3,5,6,8]),([1,1,3,2,2,1],[1,2,3,1,2,1],[1,2,3,1,2,1]),(7,[1,4,7,10,11]),((177,[0,2,3,5,6,8,9]),[3,3,6,3,3,3]))"
"((66,72,72),([0,3,6,8,11],[0,3,5,6,8],[0,2,3,5,8]),([1,1,3,2,2,1],[1,2,3,1,2,1],[1,2,3,1,2,1]),(7,[1,4,7,9,10]),((177,[0,2,3,5,6,8,11]),[3,3,6,3,3,3]))"
"((66,66,66),([0,3,6,8,11],[0,3,5,8,11],[0,3,5,8,9]),([1,1,3,2,2,1],[1,1,3,2,2,1],[1,1,3,2,2,1]),(7,[1,2,4,7,10]),((177,[0,3,5,6,8,9,11]),[3,3,6,3,3,3]))"
"((66,66,72),([0,3,6,8,11],[0,3,5,8,11],[0,2,3,5,8]),([1,1,3,2,2,1],[1,1,3,2,2,1],[1,2,3,1,2,1]),(7,[1,4,7,9,10]),((177,[0,2,3,5,6,8,11]),[3,3,6,3,3,3]))"
"((66,66,72),([0,3,6,8,11],[0,3,5,8,9],[0,3,5,6,8]),([1,1,3,2,2,1],[1,1,3,2,2,1],[1,2,3,1,2,1]),(7,[1,2,4,7,10]),((177,[0,3,5,6,8,9,11]),[3,3,6,3,3,3]))"
"((66,66,66),([0,3,6,8,11],[0,3,5,8,9],[0,3,5,8,11]),([1,1,3,2,2,1],[1,1,3,2,2,1],[1,1,3,2,2,1]),(7,[1,2,4,7,10]),((177,[0,3,5,6,8,9,11]),[3,3,6,3,3,3]))"
"((66,72,72),([0,3,6,8,11],[0,2,3,5,8],[0,3,5,6,8]),([1,1,3,2,2,1],[1,2,3,1,2,1],[1,2,3,1,2,1]),(7,[1,4,7,9,10]),((177,[0,2,3,5,6,8,11]),[3,3,6,3,3,3]))"
"((46,47,68),([0,3,7,8,10],[0,1,3,5,8],[0,3,4,8,10]),([1,2,2,2,3,0],[1,2,2,2,3,0],[1,2,1,3,2,1]),(8,[2,6,9,11]),((191,[0,1,3,4,5,7,8,10]),[4,5,6,5,6,2]))"
"((46,66,74),([0,3,7,8,10],[0,3,5,8,11],[0,2,3,8,10]),([1,2,2,2,3,0],[1,1,3,2,2,1],[1,3,1,2,2,1]),(8,[1,4,6,9]),((191,[0,2,3,5,7,8,10,11]),[4,5,6,5,6,2]))"
"((46,66,72),([0,3,7,8,10],[0,3,5,8,11],[0,2,3,5,8]),([1,2,2,2,3,0],[1,1,3,2,2,1],[1,2,3,1,2,1]),(8,[1,4,6,9]),((191,[0,2,3,5,7,8,10,11]),[4,5,6,5,6,2]))"
"((46,53,68),([0,3,5,7,8],[0,1,3,8,10],[0,3,4,8,10]),([1,2,2,2,3,0],[1,3,2,1,3,0],[1,2,1,3,2,1]),(8,[2,6,9,11]),((191,[0,1,3,4,5,7,8,10]),[4,5,6,5,6,2]))"
"((46,47,68),([0,3,5,7,8],[0,1,3,5,8],[0,3,4,8,10]),([1,2,2,2,3,0],[1,2,2,2,3,0],[1,2,1,3,2,1]),(8,[2,6,9,11]),((191,[0,1,3,4,5,7,8,10]),[4,5,6,5,6,2]))"
"((46,66,74),([0,3,5,7,8],[0,3,5,8,11],[0,2,3,8,10]),([1,2,2,2,3,0],[1,1,3,2,2,1],[1,3,1,2,2,1]),(8,[1,4,6,9]),((191,[0,2,3,5,7,8,10,11]),[4,5,6,5,6,2]))"
"((53,62,66),([0,1,3,8,10],[0,3,6,8,10],[0,3,5,8,9]),([1,3,2,1,3,0],[0,3,2,2,2,1],[1,1,3,2,2,1]),(8,[2,4,7,11]),((192,[0,1,3,5,6,8,9,10]),[4,5,6,5,6,2]))"
"((53,66,69),([0,1,3,8,10],[0,3,5,8,9],[0,1,3,6,8]),([1,3,2,1,3,0],[1,1,3,2,2,1],[1,2,2,1,3,1]),(8,[2,4,7,11]),((192,[0,1,3,5,6,8,9,10]),[4,5,6,5,6,2]))"
"((53,66,72),([0,1,3,8,10],[0,3,5,8,9],[0,3,5,6,8]),([1,3,2,1,3,0],[1,1,3,2,2,1],[1,2,3,1,2,1]),(8,[2,4,7,11]),((192,[0,1,3,5,6,8,9,10]),[4,5,6,5,6,2]))"
"((62,66,69),([0,3,6,8,10],[0,3,5,8,9],[0,1,3,6,8]),([0,3,2,2,2,1],[1,1,3,2,2,1],[1,2,2,1,3,1]),(8,[2,4,7,11]),((192,[0,1,3,5,6,8,9,10]),[4,5,6,5,6,2]))"
"((47,62,66),([0,1,3,5,8],[0,3,6,8,10],[0,3,5,8,9]),([1,2,2,2,3,0],[0,3,2,2,2,1],[1,1,3,2,2,1]),(8,[2,4,7,11]),((192,[0,1,3,5,6,8,9,10]),[4,5,6,5,6,2]))"
"((38,66,69),([0,3,5,8,10],[0,3,5,8,9],[0,1,3,6,8]),([0,3,2,1,4,0],[1,1,3,2,2,1],[1,2,2,1,3,1]),(8,[2,4,7,11]),((192,[0,1,3,5,6,8,9,10]),[4,5,6,5,6,2]))"
"((46,53,72),([0,3,7,8,10],[0,1,3,8,10],[0,3,5,6,8]),([1,2,2,2,3,0],[1,3,2,1,3,0],[1,2,3,1,2,1]),(8,[2,4,9,11]),((194,[0,1,3,5,6,7,8,10]),[4,6,5,4,7,2]))"
"((46,53,72),([0,3,7,8,10],[0,1,3,8,10],[0,2,3,5,8]),([1,2,2,2,3,0],[1,3,2,1,3,0],[1,2,3,1,2,1]),(8,[4,6,9,11]),((194,[0,1,2,3,5,7,8,10]),[4,6,5,4,7,2]))"
"((46,47,62),([0,3,7,8,10],[0,1,3,5,8],[0,3,6,8,10]),([1,2,2,2,3,0],[1,2,2,2,3,0],[0,3,2,2,2,1]),(8,[2,4,9,11]),((194,[0,1,3,5,6,7,8,10]),[4,6,5,4,7,2]))"
"((46,47,74),([0,3,7,8,10],[0,1,3,5,8],[0,2,3,8,10]),([1,2,2,2,3,0],[1,2,2,2,3,0],[1,3,1,2,2,1]),(8,[4,6,9,11]),((194,[0,1,2,3,5,7,8,10]),[4,6,5,4,7,2]))"
"((46,47,69),([0,3,7,8,10],[0,1,3,5,8],[0,1,3,6,8]),([1,2,2,2,3,0],[1,2,2,2,3,0],[1,2,2,1,3,1]),(8,[2,4,9,11]),((194,[0,1,3,5,6,7,8,10]),[4,6,5,4,7,2]))"
"((46,47,72),([0,3,7,8,10],[0,1,3,5,8],[0,3,5,6,8]),([1,2,2,2,3,0],[1,2,2,2,3,0],[1,2,3,1,2,1]),(8,[2,4,9,11]),((194,[0,1,3,5,6,7,8,10]),[4,6,5,4,7,2]))"
"((46,47,72),([0,3,7,8,10],[0,1,3,5,8],[0,2,3,5,8]),([1,2,2,2,3,0],[1,2,2,2,3,0],[1,2,3,1,2,1]),(8,[4,6,9,11]),((194,[0,1,2,3,5,7,8,10]),[4,6,5,4,7,2]))"
"((46,69,72),([0,3,7,8,10],[0,1,3,6,8],[0,3,5,6,8]),([1,2,2,2,3,0],[1,2,2,1,3,1],[1,2,3,1,2,1]),(8,[2,4,9,11]),((194,[0,1,3,5,6,7,8,10]),[4,6,5,4,7,2]))"
"((46,66,74),([0,3,7,8,10],[0,3,5,8,9],[0,2,3,8,10]),([1,2,2,2,3,0],[1,1,3,2,2,1],[1,3,1,2,2,1]),(8,[1,4,6,11]),((194,[0,2,3,5,7,8,9,10]),[4,6,5,4,7,2]))"
"((46,66,72),([0,3,7,8,10],[0,3,5,8,9],[0,2,3,5,8]),([1,2,2,2,3,0],[1,1,3,2,2,1],[1,2,3,1,2,1]),(8,[1,4,6,11]),((194,[0,2,3,5,7,8,9,10]),[4,6,5,4,7,2]))"
"((46,46,69),([0,3,7,8,10],[0,3,5,7,8],[0,1,3,6,8]),([1,2,2,2,3,0],[1,2,2,2,3,0],[1,2,2,1,3,1]),(8,[2,4,9,11]),((194,[0,1,3,5,6,7,8,10]),[4,6,5,4,7,2]))"
"((38,46,69),([0,3,5,8,10],[0,3,7,8,10],[0,1,3,6,8]),([0,3,2,1,4,0],[1,2,2,2,3,0],[1,2,2,1,3,1]),(8,[2,4,9,11]),((194,[0,1,3,5,6,7,8,10]),[4,6,5,4,7,2]))"
"((38,46,69),([0,3,5,8,10],[0,3,5,7,8],[0,1,3,6,8]),([0,3,2,1,4,0],[1,2,2,2,3,0],[1,2,2,1,3,1]),(8,[2,4,9,11]),((194,[0,1,3,5,6,7,8,10]),[4,6,5,4,7,2]))"
"((46,53,62),([0,3,5,7,8],[0,1,3,8,10],[0,3,6,8,10]),([1,2,2,2,3,0],[1,3,2,1,3,0],[0,3,2,2,2,1]),(8,[2,4,9,11]),((194,[0,1,3,5,6,7,8,10]),[4,6,5,4,7,2]))"
"((46,53,74),([0,3,5,7,8],[0,1,3,8,10],[0,2,3,8,10]),([1,2,2,2,3,0],[1,3,2,1,3,0],[1,3,1,2,2,1]),(8,[4,6,9,11]),((194,[0,1,2,3,5,7,8,10]),[4,6,5,4,7,2]))"
"((46,53,69),([0,3,5,7,8],[0,1,3,8,10],[0,1,3,6,8]),([1,2,2,2,3,0],[1,3,2,1,3,0],[1,2,2,1,3,1]),(8,[2,4,9,11]),((194,[0,1,3,5,6,7,8,10]),[4,6,5,4,7,2]))"
"((46,53,72),([0,3,5,7,8],[0,1,3,8,10],[0,3,5,6,8]),([1,2,2,2,3,0],[1,3,2,1,3,0],[1,2,3,1,2,1]),(8,[2,4,9,11]),((194,[0,1,3,5,6,7,8,10]),[4,6,5,4,7,2]))"
"((46,53,72),([0,3,5,7,8],[0,1,3,8,10],[0,2,3,5,8]),([1,2,2,2,3,0],[1,3,2,1,3,0],[1,2,3,1,2,1]),(8,[4,6,9,11]),((194,[0,1,2,3,5,7,8,10]),[4,6,5,4,7,2]))"
"((46,62,69),([0,3,5,7,8],[0,3,6,8,10],[0,1,3,6,8]),([1,2,2,2,3,0],[0,3,2,2,2,1],[1,2,2,1,3,1]),(8,[2,4,9,11]),((194,[0,1,3,5,6,7,8,10]),[4,6,5,4,7,2]))"
"((46,47,62),([0,3,5,7,8],[0,1,3,5,8],[0,3,6,8,10]),([1,2,2,2,3,0],[1,2,2,2,3,0],[0,3,2,2,2,1]),(8,[2,4,9,11]),((194,[0,1,3,5,6,7,8,10]),[4,6,5,4,7,2]))"
"((46,47,74),([0,3,5,7,8],[0,1,3,5,8],[0,2,3,8,10]),([1,2,2,2,3,0],[1,2,2,2,3,0],[1,3,1,2,2,1]),(8,[4,6,9,11]),((194,[0,1,2,3,5,7,8,10]),[4,6,5,4,7,2]))"
"((46,46,69),([0,3,5,7,8],[0,3,7,8,10],[0,1,3,6,8]),([1,2,2,2,3,0],[1,2,2,2,3,0],[1,2,2,1,3,1]),(8,[2,4,9,11]),((194,[0,1,3,5,6,7,8,10]),[4,6,5,4,7,2]))"
"((46,66,74),([0,3,5,7,8],[0,3,5,8,9],[0,2,3,8,10]),([1,2,2,2,3,0],[1,1,3,2,2,1],[1,3,1,2,2,1]),(8,[1,4,6,11]),((194,[0,2,3,5,7,8,9,10]),[4,6,5,4,7,2]))"
"((53,62,66),([0,1,3,8,10],[0,3,6,8,10],[0,3,5,8,11]),([1,3,2,1,3,0],[0,3,2,2,2,1],[1,1,3,2,2,1]),(8,[2,4,7,9]),((195,[0,1,3,5,6,8,10,11]),[4,6,5,4,7,2]))"
"((53,66,69),([0,1,3,8,10],[0,3,5,8,11],[0,1,3,6,8]),([1,3,2,1,3,0],[1,1,3,2,2,1],[1,2,2,1,3,1]),(8,[2,4,7,9]),((195,[0,1,3,5,6,8,10,11]),[4,6,5,4,7,2]))"
"((53,66,72),([0,1,3,8,10],[0,3,5,8,11],[0,3,5,6,8]),([1,3,2,1,3,0],[1,1,3,2,2,1],[1,2,3,1,2,1]),(8,[2,4,7,9]),((195,[0,1,3,5,6,8,10,11]),[4,6,5,4,7,2]))"
"((53,66,66),([0,1,3,8,10],[0,3,5,8,11],[0,3,6,8,11]),([1,3,2,1,3,0],[1,1,3,2,2,1],[1,1,3,2,2,1]),(8,[2,4,7,9]),((195,[0,1,3,5,6,8,10,11]),[4,6,5,4,7,2]))"
"((53,66,72),([0,1,3,8,10],[0,3,6,8,11],[0,3,5,6,8]),([1,3,2,1,3,0],[1,1,3,2,2,1],[1,2,3,1,2,1]),(8,[2,4,7,9]),((195,[0,1,3,5,6,8,10,11]),[4,6,5,4,7,2]))"
"((53,66,66),([0,1,3,8,10],[0,3,6,8,11],[0,3,5,8,11]),([1,3,2,1,3,0],[1,1,3,2,2,1],[1,1,3,2,2,1]),(8,[2,4,7,9]),((195,[0,1,3,5,6,8,10,11]),[4,6,5,4,7,2]))"
"((62,66,69),([0,3,6,8,10],[0,3,5,8,11],[0,1,3,6,8]),([0,3,2,2,2,1],[1,1,3,2,2,1],[1,2,2,1,3,1]),(8,[2,4,7,9]),((195,[0,1,3,5,6,8,10,11]),[4,6,5,4,7,2]))"
"((47,53,66),([0,1,3,5,8],[0,1,3,8,10],[0,3,6,8,11]),([1,2,2,2,3,0],[1,3,2,1,3,0],[1,1,3,2,2,1]),(8,[2,4,7,9]),((195,[0,1,3,5,6,8,10,11]),[4,6,5,4,7,2]))"
"((47,62,66),([0,1,3,5,8],[0,3,6,8,10],[0,3,5,8,11]),([1,2,2,2,3,0],[0,3,2,2,2,1],[1,1,3,2,2,1]),(8,[2,4,7,9]),((195,[0,1,3,5,6,8,10,11]),[4,6,5,4,7,2]))"
"((47,62,66),([0,1,3,5,8],[0,3,6,8,10],[0,3,6,8,11]),([1,2,2,2,3,0],[0,3,2,2,2,1],[1,1,3,2,2,1]),(8,[2,4,7,9]),((195,[0,1,3,5,6,8,10,11]),[4,6,5,4,7,2]))"
"((46,53,66),([0,3,7,8,10],[0,1,3,8,10],[0,3,5,8,11]),([1,2,2,2,3,0],[1,3,2,1,3,0],[1,1,3,2,2,1]),(8,[2,4,6,9]),((195,[0,1,3,5,7,8,10,11]),[4,6,5,5,6,2]))"
"((46,53,66),([0,3,7,8,10],[0,1,3,8,10],[0,3,5,8,9]),([1,2,2,2,3,0],[1,3,2,1,3,0],[1,1,3,2,2,1]),(8,[2,4,6,11]),((195,[0,1,3,5,7,8,9,10]),[4,6,5,5,6,2]))"
"((46,62,72),([0,3,7,8,10],[0,3,6,8,10],[0,2,3,5,8]),([1,2,2,2,3,0],[0,3,2,2,2,1],[1,2,3,1,2,1]),(8,[1,4,9,11]),((195,[0,2,3,5,6,7,8,10]),[4,6,5,5,6,2]))"
"((46,68,72),([0,3,7,8,10],[0,3,4,8,10],[0,2,3,5,8]),([1,2,2,2,3,0],[1,2,1,3,2,1],[1,2,3,1,2,1]),(8,[1,6,9,11]),((195,[0,2,3,4,5,7,8,10]),[4,6,5,5,6,2]))"
"((46,47,66),([0,3,7,8,10],[0,1,3,5,8],[0,3,5,8,11]),([1,2,2,2,3,0],[1,2,2,2,3,0],[1,1,3,2,2,1]),(8,[2,4,6,9]),((195,[0,1,3,5,7,8,10,11]),[4,6,5,5,6,2]))"
"((46,47,66),([0,3,7,8,10],[0,1,3,5,8],[0,3,5,8,9]),([1,2,2,2,3,0],[1,2,2,2,3,0],[1,1,3,2,2,1]),(8,[2,4,6,11]),((195,[0,1,3,5,7,8,9,10]),[4,6,5,5,6,2]))"
"((46,72,74),([0,3,7,8,10],[0,3,5,6,8],[0,2,3,8,10]),([1,2,2,2,3,0],[1,2,3,1,2,1],[1,3,1,2,2,1]),(8,[1,4,9,11]),((195,[0,2,3,5,6,7,8,10]),[4,6,5,5,6,2]))"
"((46,72,72),([0,3,7,8,10],[0,3,5,6,8],[0,2,3,5,8]),([1,2,2,2,3,0],[1,2,3,1,2,1],[1,2,3,1,2,1]),(8,[1,4,9,11]),((195,[0,2,3,5,6,7,8,10]),[4,6,5,5,6,2]))"
"((46,72,72),([0,3,7,8,10],[0,2,3,5,8],[0,3,5,6,8]),([1,2,2,2,3,0],[1,2,3,1,2,1],[1,2,3,1,2,1]),(8,[1,4,9,11]),((195,[0,2,3,5,6,7,8,10]),[4,6,5,5,6,2]))"
"((38,53,66),([0,3,5,8,10],[0,1,3,8,10],[0,3,6,8,11]),([0,3,2,1,4,0],[1,3,2,1,3,0],[1,1,3,2,2,1]),(8,[2,4,7,9]),((195,[0,1,3,5,6,8,10,11]),[4,6,5,4,7,2]))"
"((38,47,66),([0,3,5,8,10],[0,1,3,5,8],[0,3,6,8,11]),([0,3,2,1,4,0],[1,2,2,2,3,0],[1,1,3,2,2,1]),(8,[2,4,7,9]),((195,[0,1,3,5,6,8,10,11]),[4,6,5,4,7,2]))"
"((38,66,69),([0,3,5,8,10],[0,3,5,8,11],[0,1,3,6,8]),([0,3,2,1,4,0],[1,1,3,2,2,1],[1,2,2,1,3,1]),(8,[2,4,7,9]),((195,[0,1,3,5,6,8,10,11]),[4,6,5,4,7,2]))"
"((38,66,69),([0,3,5,8,10],[0,3,6,8,11],[0,1,3,6,8]),([0,3,2,1,4,0],[1,1,3,2,2,1],[1,2,2,1,3,1]),(8,[2,4,7,9]),((195,[0,1,3,5,6,8,10,11]),[4,6,5,4,7,2]))"
"((46,53,66),([0,3,5,7,8],[0,1,3,8,10],[0,3,5,8,11]),([1,2,2,2,3,0],[1,3,2,1,3,0],[1,1,3,2,2,1]),(8,[2,4,6,9]),((195,[0,1,3,5,7,8,10,11]),[4,6,5,5,6,2]))"
"((46,53,66),([0,3,5,7,8],[0,1,3,8,10],[0,3,5,8,9]),([1,2,2,2,3,0],[1,3,2,1,3,0],[1,1,3,2,2,1]),(8,[2,4,6,11]),((195,[0,1,3,5,7,8,9,10]),[4,6,5,5,6,2]))"
"((46,62,74),([0,3,5,7,8],[0,3,6,8,10],[0,2,3,8,10]),([1,2,2,2,3,0],[0,3,2,2,2,1],[1,3,1,2,2,1]),(8,[1,4,9,11]),((195,[0,2,3,5,6,7,8,10]),[4,6,5,5,6,2]))"
"((46,62,72),([0,3,5,7,8],[0,3,6,8,10],[0,2,3,5,8]),([1,2,2,2,3,0],[0,3,2,2,2,1],[1,2,3,1,2,1]),(8,[1,4,9,11]),((195,[0,2,3,5,6,7,8,10]),[4,6,5,5,6,2]))"
"((46,68,74),([0,3,5,7,8],[0,3,4,8,10],[0,2,3,8,10]),([1,2,2,2,3,0],[1,2,1,3,2,1],[1,3,1,2,2,1]),(8,[1,6,9,11]),((195,[0,2,3,4,5,7,8,10]),[4,6,5,5,6,2]))"
"((46,68,72),([0,3,5,7,8],[0,3,4,8,10],[0,2,3,5,8]),([1,2,2,2,3,0],[1,2,1,3,2,1],[1,2,3,1,2,1]),(8,[1,6,9,11]),((195,[0,2,3,4,5,7,8,10]),[4,6,5,5,6,2]))"
"((46,72,74),([0,3,5,7,8],[0,3,5,6,8],[0,2,3,8,10]),([1,2,2,2,3,0],[1,2,3,1,2,1],[1,3,1,2,2,1]),(8,[1,4,9,11]),((195,[0,2,3,5,6,7,8,10]),[4,6,5,5,6,2]))"
"((53,62,72),([0,1,3,8,10],[0,3,6,8,10],[0,2,3,5,8]),([1,3,2,1,3,0],[0,3,2,2,2,1],[1,2,3,1,2,1]),(8,[4,7,9,11]),((196,[0,1,2,3,5,6,8,10]),[4,6,5,5,6,2]))"
"((53,68,72),([0,1,3,8,10],[0,3,4,8,10],[0,3,5,6,8]),([1,3,2,1,3,0],[1,2,1,3,2,1],[1,2,3,1,2,1]),(8,[2,7,9,11]),((196,[0,1,3,4,5,6,8,10]),[4,6,5,5,6,2]))"
"((53,69,72),([0,1,3,8,10],[0,1,3,6,8],[0,2,3,5,8]),([1,3,2,1,3,0],[1,2,2,1,3,1],[1,2,3,1,2,1]),(8,[4,7,9,11]),((196,[0,1,2,3,5,6,8,10]),[4,6,5,5,6,2]))"
"((53,72,74),([0,1,3,8,10],[0,3,5,6,8],[0,2,3,8,10]),([1,3,2,1,3,0],[1,2,3,1,2,1],[1,3,1,2,2,1]),(8,[4,7,9,11]),((196,[0,1,2,3,5,6,8,10]),[4,6,5,5,6,2]))"
"((53,72,72),([0,1,3,8,10],[0,3,5,6,8],[0,2,3,5,8]),([1,3,2,1,3,0],[1,2,3,1,2,1],[1,2,3,1,2,1]),(8,[4,7,9,11]),((196,[0,1,2,3,5,6,8,10]),[4,6,5,5,6,2]))"
"((53,66,68),([0,1,3,8,10],[0,3,6,8,11],[0,3,4,8,10]),([1,3,2,1,3,0],[1,1,3,2,2,1],[1,2,1,3,2,1]),(8,[2,5,7,9]),((196,[0,1,3,4,6,8,10,11]),[4,6,5,5,6,2]))"
"((53,72,72),([0,1,3,8,10],[0,2,3,5,8],[0,3,5,6,8]),([1,3,2,1,3,0],[1,2,3,1,2,1],[1,2,3,1,2,1]),(8,[4,7,9,11]),((196,[0,1,2,3,5,6,8,10]),[4,6,5,5,6,2]))"
"((62,69,72),([0,3,6,8,10],[0,1,3,6,8],[0,2,3,5,8]),([0,3,2,2,2,1],[1,2,2,1,3,1],[1,2,3,1,2,1]),(8,[4,7,9,11]),((196,[0,1,2,3,5,6,8,10]),[4,6,5,5,6,2]))"
"((68,69,72),([0,3,4,8,10],[0,1,3,6,8],[0,3,5,6,8]),([1,2,1,3,2,1],[1,2,2,1,3,1],[1,2,3,1,2,1]),(8,[2,7,9,11]),((196,[0,1,3,4,5,6,8,10]),[4,6,5,5,6,2]))"
"((47,62,68),([0,1,3,5,8],[0,3,6,8,10],[0,3,4,8,10]),([1,2,2,2,3,0],[0,3,2,2,2,1],[1,2,1,3,2,1]),(8,[2,7,9,11]),((196,[0,1,3,4,5,6,8,10]),[4,6,5,5,6,2]))"
"((47,62,74),([0,1,3,5,8],[0,3,6,8,10],[0,2,3,8,10]),([1,2,2,2,3,0],[0,3,2,2,2,1],[1,3,1,2,2,1]),(8,[4,7,9,11]),((196,[0,1,2,3,5,6,8,10]),[4,6,5,5,6,2]))"
"((47,62,72),([0,1,3,5,8],[0,3,6,8,10],[0,2,3,5,8]),([1,2,2,2,3,0],[0,3,2,2,2,1],[1,2,3,1,2,1]),(8,[4,7,9,11]),((196,[0,1,2,3,5,6,8,10]),[4,6,5,5,6,2]))"
"((47,68,69),([0,1,3,5,8],[0,3,4,8,10],[0,1,3,6,8]),([1,2,2,2,3,0],[1,2,1,3,2,1],[1,2,2,1,3,1]),(8,[2,7,9,11]),((196,[0,1,3,4,5,6,8,10]),[4,6,5,5,6,2]))"
"((47,68,72),([0,1,3,5,8],[0,3,4,8,10],[0,3,5,6,8]),([1,2,2,2,3,0],[1,2,1,3,2,1],[1,2,3,1,2,1]),(8,[2,7,9,11]),((196,[0,1,3,4,5,6,8,10]),[4,6,5,5,6,2]))"
"((47,69,74),([0,1,3,5,8],[0,1,3,6,8],[0,2,3,8,10]),([1,2,2,2,3,0],[1,2,2,1,3,1],[1,3,1,2,2,1]),(8,[4,7,9,11]),((196,[0,1,2,3,5,6,8,10]),[4,6,5,5,6,2]))"
"((47,72,74),([0,1,3,5,8],[0,3,5,6,8],[0,2,3,8,10]),([1,2,2,2,3,0],[1,2,3,1,2,1],[1,3,1,2,2,1]),(8,[4,7,9,11]),((196,[0,1,2,3,5,6,8,10]),[4,6,5,5,6,2]))"
"((38,68,69),([0,3,5,8,10],[0,3,4,8,10],[0,1,3,6,8]),([0,3,2,1,4,0],[1,2,1,3,2,1],[1,2,2,1,3,1]),(8,[2,7,9,11]),((196,[0,1,3,4,5,6,8,10]),[4,6,5,5,6,2]))"
"((38,69,74),([0,3,5,8,10],[0,1,3,6,8],[0,2,3,8,10]),([0,3,2,1,4,0],[1,2,2,1,3,1],[1,3,1,2,2,1]),(8,[4,7,9,11]),((196,[0,1,2,3,5,6,8,10]),[4,6,5,5,6,2]))"
"((38,69,72),([0,3,5,8,10],[0,1,3,6,8],[0,2,3,5,8]),([0,3,2,1,4,0],[1,2,2,1,3,1],[1,2,3,1,2,1]),(8,[4,7,9,11]),((196,[0,1,2,3,5,6,8,10]),[4,6,5,5,6,2]))"
"((69,72,74),([0,1,3,6,8],[0,3,5,6,8],[0,2,3,8,10]),([1,2,2,1,3,1],[1,2,3,1,2,1],[1,3,1,2,2,1]),(8,[4,7,9,11]),((196,[0,1,2,3,5,6,8,10]),[4,6,5,5,6,2]))"
"((69,72,74),([0,1,3,6,8],[0,2,3,5,8],[0,2,3,8,10]),([1,2,2,1,3,1],[1,2,3,1,2,1],[1,3,1,2,2,1]),(8,[4,7,9,11]),((196,[0,1,2,3,5,6,8,10]),[4,6,5,5,6,2]))"
"((66,68,69),([0,3,6,8,11],[0,3,4,8,10],[0,1,3,6,8]),([1,1,3,2,2,1],[1,2,1,3,2,1],[1,2,2,1,3,1]),(8,[2,5,7,9]),((196,[0,1,3,4,6,8,10,11]),[4,6,5,5,6,2]))"
"((46,66,68),([0,3,7,8,10],[0,3,5,8,11],[0,3,4,8,10]),([1,2,2,2,3,0],[1,1,3,2,2,1],[1,2,1,3,2,1]),(8,[1,2,6,9]),((197,[0,3,4,5,7,8,10,11]),[5,4,5,6,6,2]))"
"((46,66,68),([0,3,5,7,8],[0,3,5,8,11],[0,3,4,8,10]),([1,2,2,2,3,0],[1,1,3,2,2,1],[1,2,1,3,2,1]),(8,[1,2,6,9]),((197,[0,3,4,5,7,8,10,11]),[5,4,5,6,6,2]))"
"((53,66,68),([0,1,3,8,10],[0,3,5,8,9],[0,3,4,8,10]),([1,3,2,1,3,0],[1,1,3,2,2,1],[1,2,1,3,2,1]),(8,[2,6,7,11]),((198,[0,1,3,4,5,8,9,10]),[5,4,5,6,6,2]))"
"((47,66,68),([0,1,3,5,8],[0,3,5,8,9],[0,3,4,8,10]),([1,2,2,2,3,0],[1,1,3,2,2,1],[1,2,1,3,2,1]),(8,[2,6,7,11]),((198,[0,1,3,4,5,8,9,10]),[5,4,5,6,6,2]))"
"((46,66,68),([0,3,7,8,10],[0,3,6,8,11],[0,3,4,8,10]),([1,2,2,2,3,0],[1,1,3,2,2,1],[1,2,1,3,2,1]),(8,[1,2,5,9]),((198,[0,3,4,6,7,8,10,11]),[5,4,5,7,5,2]))"
"((46,66,74),([0,3,7,8,10],[0,3,6,8,11],[0,2,3,8,10]),([1,2,2,2,3,0],[1,1,3,2,2,1],[1,3,1,2,2,1]),(8,[1,4,5,9]),((198,[0,2,3,6,7,8,10,11]),[5,4,5,7,5,2]))"
"((46,53,66),([0,3,7,8,10],[0,1,3,8,10],[0,3,6,8,11]),([1,2,2,2,3,0],[1,3,2,1,3,0],[1,1,3,2,2,1]),(8,[2,4,5,9]),((203,[0,1,3,6,7,8,10,11]),[5,5,5,5,6,2]))"
"((46,62,66),([0,3,7,8,10],[0,3,6,8,10],[0,3,5,8,11]),([1,2,2,2,3,0],[0,3,2,2,2,1],[1,1,3,2,2,1]),(8,[1,2,4,9]),((203,[0,3,5,6,7,8,10,11]),[5,5,5,5,6,2]))"
"((46,66,72),([0,3,7,8,10],[0,3,5,8,11],[0,3,5,6,8]),([1,2,2,2,3,0],[1,1,3,2,2,1],[1,2,3,1,2,1]),(8,[1,2,4,9]),((203,[0,3,5,6,7,8,10,11]),[5,5,5,5,6,2]))"
"((46,66,66),([0,3,7,8,10],[0,3,5,8,11],[0,3,6,8,11]),([1,2,2,2,3,0],[1,1,3,2,2,1],[1,1,3,2,2,1]),(8,[1,2,4,9]),((203,[0,3,5,6,7,8,10,11]),[5,5,5,5,6,2]))"
"((46,66,68),([0,3,7,8,10],[0,3,5,8,9],[0,3,4,8,10]),([1,2,2,2,3,0],[1,1,3,2,2,1],[1,2,1,3,2,1]),(8,[1,2,6,11]),((203,[0,3,4,5,7,8,9,10]),[5,5,5,5,6,2]))"
"((46,66,69),([0,3,7,8,10],[0,3,6,8,11],[0,1,3,6,8]),([1,2,2,2,3,0],[1,1,3,2,2,1],[1,2,2,1,3,1]),(8,[2,4,5,9]),((203,[0,1,3,6,7,8,10,11]),[5,5,5,5,6,2]))"
"((46,66,72),([0,3,7,8,10],[0,3,6,8,11],[0,3,5,6,8]),([1,2,2,2,3,0],[1,1,3,2,2,1],[1,2,3,1,2,1]),(8,[1,2,4,9]),((203,[0,3,5,6,7,8,10,11]),[5,5,5,5,6,2]))"
"((46,66,66),([0,3,7,8,10],[0,3,6,8,11],[0,3,5,8,11]),([1,2,2,2,3,0],[1,1,3,2,2,1],[1,1,3,2,2,1]),(8,[1,2,4,9]),((203,[0,3,5,6,7,8,10,11]),[5,5,5,5,6,2]))"
"((46,46,66),([0,3,7,8,10],[0,3,5,7,8],[0,3,6,8,11]),([1,2,2,2,3,0],[1,2,2,2,3,0],[1,1,3,2,2,1]),(8,[1,2,4,9]),((203,[0,3,5,6,7,8,10,11]),[5,5,5,5,6,2]))"
"((38,46,66),([0,3,5,8,10],[0,3,7,8,10],[0,3,6,8,11]),([0,3,2,1,4,0],[1,2,2,2,3,0],[1,1,3,2,2,1]),(8,[1,2,4,9]),((203,[0,3,5,6,7,8,10,11]),[5,5,5,5,6,2]))"
"((38,46,66),([0,3,5,8,10],[0,3,5,7,8],[0,3,6,8,11]),([0,3,2,1,4,0],[1,2,2,2,3,0],[1,1,3,2,2,1]),(8,[1,2,4,9]),((203,[0,3,5,6,7,8,10,11]),[5,5,5,5,6,2]))"
"((46,62,66),([0,3,5,7,8],[0,3,6,8,10],[0,3,5,8,11]),([1,2,2,2,3,0],[0,3,2,2,2,1],[1,1,3,2,2,1]),(8,[1,2,4,9]),((203,[0,3,5,6,7,8,10,11]),[5,5,5,5,6,2]))"
"((46,62,66),([0,3,5,7,8],[0,3,6,8,10],[0,3,6,8,11]),([1,2,2,2,3,0],[0,3,2,2,2,1],[1,1,3,2,2,1]),(8,[1,2,4,9]),((203,[0,3,5,6,7,8,10,11]),[5,5,5,5,6,2]))"
"((46,46,66),([0,3,5,7,8],[0,3,7,8,10],[0,3,6,8,11]),([1,2,2,2,3,0],[1,2,2,2,3,0],[1,1,3,2,2,1]),(8,[1,2,4,9]),((203,[0,3,5,6,7,8,10,11]),[5,5,5,5,6,2]))"
"((46,66,68),([0,3,5,7,8],[0,3,5,8,9],[0,3,4,8,10]),([1,2,2,2,3,0],[1,1,3,2,2,1],[1,2,1,3,2,1]),(8,[1,2,6,11]),((203,[0,3,4,5,7,8,9,10]),[5,5,5,5,6,2]))"
"((53,66,68),([0,1,3,8,10],[0,3,5,8,11],[0,3,4,8,10]),([1,3,2,1,3,0],[1,1,3,2,2,1],[1,2,1,3,2,1]),(8,[2,6,7,9]),((204,[0,1,3,4,5,8,10,11]),[5,5,5,5,6,2]))"
"((53,66,74),([0,1,3,8,10],[0,3,5,8,9],[0,2,3,8,10]),([1,3,2,1,3,0],[1,1,3,2,2,1],[1,3,1,2,2,1]),(8,[4,6,7,11]),((204,[0,1,2,3,5,8,9,10]),[5,5,5,5,6,2]))"
"((53,66,72),([0,1,3,8,10],[0,3,5,8,9],[0,2,3,5,8]),([1,3,2,1,3,0],[1,1,3,2,2,1],[1,2,3,1,2,1]),(8,[4,6,7,11]),((204,[0,1,2,3,5,8,9,10]),[5,5,5,5,6,2]))"
"((47,66,68),([0,1,3,5,8],[0,3,5,8,11],[0,3,4,8,10]),([1,2,2,2,3,0],[1,1,3,2,2,1],[1,2,1,3,2,1]),(8,[2,6,7,9]),((204,[0,1,3,4,5,8,10,11]),[5,5,5,5,6,2]))"
"((47,66,74),([0,1,3,5,8],[0,3,5,8,9],[0,2,3,8,10]),([1,2,2,2,3,0],[1,1,3,2,2,1],[1,3,1,2,2,1]),(8,[4,6,7,11]),((204,[0,1,2,3,5,8,9,10]),[5,5,5,5,6,2]))"
"((46,68,72),([0,3,7,8,10],[0,3,4,8,10],[0,3,5,6,8]),([1,2,2,2,3,0],[1,2,1,3,2,1],[1,2,3,1,2,1]),(8,[1,2,9,11]),((210,[0,3,4,5,6,7,8,10]),[5,6,5,5,5,2]))"
"((46,66,66),([0,3,7,8,10],[0,3,5,8,11],[0,3,5,8,9]),([1,2,2,2,3,0],[1,1,3,2,2,1],[1,1,3,2,2,1]),(8,[1,2,4,6]),((210,[0,3,5,7,8,9,10,11]),[5,6,5,5,5,2]))"
"((46,66,66),([0,3,7,8,10],[0,3,5,8,9],[0,3,5,8,11]),([1,2,2,2,3,0],[1,1,3,2,2,1],[1,1,3,2,2,1]),(8,[1,2,4,6]),((210,[0,3,5,7,8,9,10,11]),[5,6,5,5,5,2]))"
"((46,62,68),([0,3,5,7,8],[0,3,6,8,10],[0,3,4,8,10]),([1,2,2,2,3,0],[0,3,2,2,2,1],[1,2,1,3,2,1]),(8,[1,2,9,11]),((210,[0,3,4,5,6,7,8,10]),[5,6,5,5,5,2]))"
"((46,68,72),([0,3,5,7,8],[0,3,4,8,10],[0,3,5,6,8]),([1,2,2,2,3,0],[1,2,1,3,2,1],[1,2,3,1,2,1]),(8,[1,2,9,11]),((210,[0,3,4,5,6,7,8,10]),[5,6,5,5,5,2]))"
"((53,68,72),([0,1,3,8,10],[0,3,4,8,10],[0,2,3,5,8]),([1,3,2,1,3,0],[1,2,1,3,2,1],[1,2,3,1,2,1]),(8,[6,7,9,11]),((211,[0,1,2,3,4,5,8,10]),[5,6,5,5,5,2]))"
"((53,66,66),([0,1,3,8,10],[0,3,5,8,11],[0,3,5,8,9]),([1,3,2,1,3,0],[1,1,3,2,2,1],[1,1,3,2,2,1]),(8,[2,4,6,7]),((211,[0,1,3,5,8,9,10,11]),[5,6,5,5,5,2]))"
"((53,66,66),([0,1,3,8,10],[0,3,5,8,9],[0,3,5,8,11]),([1,3,2,1,3,0],[1,1,3,2,2,1],[1,1,3,2,2,1]),(8,[2,4,6,7]),((211,[0,1,3,5,8,9,10,11]),[5,6,5,5,5,2]))"
"((53,66,74),([0,1,3,8,10],[0,3,6,8,11],[0,2,3,8,10]),([1,3,2,1,3,0],[1,1,3,2,2,1],[1,3,1,2,2,1]),(8,[4,5,7,9]),((211,[0,1,2,3,6,8,10,11]),[5,6,5,5,5,2]))"
"((47,68,74),([0,1,3,5,8],[0,3,4,8,10],[0,2,3,8,10]),([1,2,2,2,3,0],[1,2,1,3,2,1],[1,3,1,2,2,1]),(8,[6,7,9,11]),((211,[0,1,2,3,4,5,8,10]),[5,6,5,5,5,2]))"
"((47,68,72),([0,1,3,5,8],[0,3,4,8,10],[0,2,3,5,8]),([1,2,2,2,3,0],[1,2,1,3,2,1],[1,2,3,1,2,1]),(8,[6,7,9,11]),((211,[0,1,2,3,4,5,8,10]),[5,6,5,5,5,2]))"
"((66,69,74),([0,3,6,8,11],[0,1,3,6,8],[0,2,3,8,10]),([1,1,3,2,2,1],[1,2,2,1,3,1],[1,3,1,2,2,1]),(8,[4,5,7,9]),((211,[0,1,2,3,6,8,10,11]),[5,6,5,5,5,2]))"
"((46,62,66),([0,3,7,8,10],[0,3,6,8,10],[0,3,5,8,9]),([1,2,2,2,3,0],[0,3,2,2,2,1],[1,1,3,2,2,1]),(8,[1,2,4,11]),((212,[0,3,5,6,7,8,9,10]),[5,6,6,4,5,2]))"
"((46,66,72),([0,3,7,8,10],[0,3,5,8,9],[0,3,5,6,8]),([1,2,2,2,3,0],[1,1,3,2,2,1],[1,2,3,1,2,1]),(8,[1,2,4,11]),((212,[0,3,5,6,7,8,9,10]),[5,6,6,4,5,2]))"
"((46,62,66),([0,3,5,7,8],[0,3,6,8,10],[0,3,5,8,9]),([1,2,2,2,3,0],[0,3,2,2,2,1],[1,1,3,2,2,1]),(8,[1,2,4,11]),((212,[0,3,5,6,7,8,9,10]),[5,6,6,4,5,2]))"
"((53,66,74),([0,1,3,8,10],[0,3,5,8,11],[0,2,3,8,10]),([1,3,2,1,3,0],[1,1,3,2,2,1],[1,3,1,2,2,1]),(8,[4,6,7,9]),((213,[0,1,2,3,5,8,10,11]),[5,6,6,4,5,2]))"
"((53,66,72),([0,1,3,8,10],[0,3,5,8,11],[0,2,3,5,8]),([1,3,2,1,3,0],[1,1,3,2,2,1],[1,2,3,1,2,1]),(8,[4,6,7,9]),((213,[0,1,2,3,5,8,10,11]),[5,6,6,4,5,2]))"
"((47,66,74),([0,1,3,5,8],[0,3,5,8,11],[0,2,3,8,10]),([1,2,2,2,3,0],[1,1,3,2,2,1],[1,3,1,2,2,1]),(8,[4,6,7,9]),((213,[0,1,2,3,5,8,10,11]),[5,6,6,4,5,2]))"
"((46,68,69),([0,3,7,8,10],[0,3,4,8,10],[0,1,3,6,8]),([1,2,2,2,3,0],[1,2,1,3,2,1],[1,2,2,1,3,1]),(8,[2,5,9,11]),((214,[0,1,3,4,6,7,8,10]),[4,5,6,5,5,3]))"
"((62,66,74),([0,3,6,8,10],[0,3,5,8,11],[0,2,3,8,10]),([0,3,2,2,2,1],[1,1,3,2,2,1],[1,3,1,2,2,1]),(8,[1,4,7,9]),((215,[0,2,3,5,6,8,10,11]),[4,5,6,5,5,3]))"
"((62,66,72),([0,3,6,8,10],[0,3,5,8,11],[0,2,3,5,8]),([0,3,2,2,2,1],[1,1,3,2,2,1],[1,2,3,1,2,1]),(8,[1,4,7,9]),((215,[0,2,3,5,6,8,10,11]),[4,5,6,5,5,3]))"
"((62,66,74),([0,3,6,8,10],[0,3,5,8,9],[0,2,3,8,10]),([0,3,2,2,2,1],[1,1,3,2,2,1],[1,3,1,2,2,1]),(8,[1,4,7,11]),((215,[0,2,3,5,6,8,9,10]),[4,5,6,5,5,3]))"
"((62,66,72),([0,3,6,8,10],[0,3,5,8,9],[0,2,3,5,8]),([0,3,2,2,2,1],[1,1,3,2,2,1],[1,2,3,1,2,1]),(8,[1,4,7,11]),((215,[0,2,3,5,6,8,9,10]),[4,5,6,5,5,3]))"
"((62,66,72),([0,3,6,8,10],[0,3,6,8,11],[0,2,3,5,8]),([0,3,2,2,2,1],[1,1,3,2,2,1],[1,2,3,1,2,1]),(8,[1,4,7,9]),((215,[0,2,3,5,6,8,10,11]),[4,5,6,5,5,3]))"
"((47,66,66),([0,1,3,5,8],[0,3,5,8,9],[0,3,6,8,11]),([1,2,2,2,3,0],[1,1,3,2,2,1],[1,1,3,2,2,1]),(8,[2,4,7,10]),((215,[0,1,3,5,6,8,9,11]),[4,5,6,5,5,3]))"
"((47,66,66),([0,1,3,5,8],[0,3,6,8,11],[0,3,5,8,9]),([1,2,2,2,3,0],[1,1,3,2,2,1],[1,1,3,2,2,1]),(8,[2,4,7,10]),((215,[0,1,3,5,6,8,9,11]),[4,5,6,5,5,3]))"
"((38,66,74),([0,3,5,8,10],[0,3,6,8,11],[0,2,3,8,10]),([0,3,2,1,4,0],[1,1,3,2,2,1],[1,3,1,2,2,1]),(8,[1,4,7,9]),((215,[0,2,3,5,6,8,10,11]),[4,5,6,5,5,3]))"
"((38,66,72),([0,3,5,8,10],[0,3,6,8,11],[0,2,3,5,8]),([0,3,2,1,4,0],[1,1,3,2,2,1],[1,2,3,1,2,1]),(8,[1,4,7,9]),((215,[0,2,3,5,6,8,10,11]),[4,5,6,5,5,3]))"
"((66,72,74),([0,3,5,8,11],[0,3,5,6,8],[0,2,3,8,10]),([1,1,3,2,2,1],[1,2,3,1,2,1],[1,3,1,2,2,1]),(8,[1,4,7,9]),((215,[0,2,3,5,6,8,10,11]),[4,5,6,5,5,3]))"
"((66,66,69),([0,3,5,8,11],[0,3,5,8,9],[0,1,3,6,8]),([1,1,3,2,2,1],[1,1,3,2,2,1],[1,2,2,1,3,1]),(8,[2,4,7,10]),((215,[0,1,3,5,6,8,9,11]),[4,5,6,5,5,3]))"
"((66,66,74),([0,3,5,8,11],[0,3,6,8,11],[0,2,3,8,10]),([1,1,3,2,2,1],[1,1,3,2,2,1],[1,3,1,2,2,1]),(8,[1,4,7,9]),((215,[0,2,3,5,6,8,10,11]),[4,5,6,5,5,3]))"
"((66,72,74),([0,3,5,8,9],[0,3,5,6,8],[0,2,3,8,10]),([1,1,3,2,2,1],[1,2,3,1,2,1],[1,3,1,2,2,1]),(8,[1,4,7,11]),((215,[0,2,3,5,6,8,9,10]),[4,5,6,5,5,3]))"
"((66,66,69),([0,3,5,8,9],[0,3,5,8,11],[0,1,3,6,8]),([1,1,3,2,2,1],[1,1,3,2,2,1],[1,2,2,1,3,1]),(8,[2,4,7,10]),((215,[0,1,3,5,6,8,9,11]),[4,5,6,5,5,3]))"
"((66,66,69),([0,3,5,8,9],[0,3,6,8,11],[0,1,3,6,8]),([1,1,3,2,2,1],[1,1,3,2,2,1],[1,2,2,1,3,1]),(8,[2,4,7,10]),((215,[0,1,3,5,6,8,9,11]),[4,5,6,5,5,3]))"
"((66,72,74),([0,3,6,8,11],[0,3,5,6,8],[0,2,3,8,10]),([1,1,3,2,2,1],[1,2,3,1,2,1],[1,3,1,2,2,1]),(8,[1,4,7,9]),((215,[0,2,3,5,6,8,10,11]),[4,5,6,5,5,3]))"
"((66,66,74),([0,3,6,8,11],[0,3,5,8,11],[0,2,3,8,10]),([1,1,3,2,2,1],[1,1,3,2,2,1],[1,3,1,2,2,1]),(8,[1,4,7,9]),((215,[0,2,3,5,6,8,10,11]),[4,5,6,5,5,3]))"
"((66,66,69),([0,3,6,8,11],[0,3,5,8,9],[0,1,3,6,8]),([1,1,3,2,2,1],[1,1,3,2,2,1],[1,2,2,1,3,1]),(8,[2,4,7,10]),((215,[0,1,3,5,6,8,9,11]),[4,5,6,5,5,3]))"
"((66,72,74),([0,3,6,8,11],[0,2,3,5,8],[0,2,3,8,10]),([1,1,3,2,2,1],[1,2,3,1,2,1],[1,3,1,2,2,1]),(8,[1,4,7,9]),((215,[0,2,3,5,6,8,10,11]),[4,5,6,5,5,3]))"
"((66,68,74),([0,3,6,8,11],[0,3,4,8,10],[0,2,3,8,10]),([1,1,3,2,2,1],[1,2,1,3,2,1],[1,3,1,2,2,1]),(8,[1,5,7,9]),((218,[0,2,3,4,6,8,10,11]),[4,6,4,7,4,3]))"
"((46,66,72),([0,3,5,7,8],[0,3,6,8,11],[0,2,3,5,8]),([1,2,2,2,3,0],[1,1,3,2,2,1],[1,2,3,1,2,1]),(8,[1,4,9,10]),((222,[0,2,3,5,6,7,8,11]),[5,4,6,5,5,3]))"
"((46,69,74),([0,3,7,8,10],[0,1,3,6,8],[0,2,3,8,10]),([1,2,2,2,3,0],[1,2,2,1,3,1],[1,3,1,2,2,1]),(8,[4,5,9,11]),((223,[0,1,2,3,6,7,8,10]),[5,5,4,5,6,3]))"
"((66,69,72),([0,3,5,8,9],[0,1,3,6,8],[0,2,3,5,8]),([1,1,3,2,2,1],[1,2,2,1,3,1],[1,2,3,1,2,1]),(8,[4,7,10,11]),((223,[0,1,2,3,5,6,8,9]),[5,4,6,5,5,3]))"
"((46,47,66),([0,3,5,7,8],[0,1,3,5,8],[0,3,6,8,11]),([1,2,2,2,3,0],[1,2,2,2,3,0],[1,1,3,2,2,1]),(8,[2,4,9,10]),((223,[0,1,3,5,6,7,8,11]),[5,5,4,5,6,3]))"
"((46,66,69),([0,3,5,7,8],[0,3,5,8,11],[0,1,3,6,8]),([1,2,2,2,3,0],[1,1,3,2,2,1],[1,2,2,1,3,1]),(8,[2,4,9,10]),((223,[0,1,3,5,6,7,8,11]),[5,5,4,5,6,3]))"
"((46,66,69),([0,3,5,7,8],[0,3,6,8,11],[0,1,3,6,8]),([1,2,2,2,3,0],[1,1,3,2,2,1],[1,2,2,1,3,1]),(8,[2,4,9,10]),((223,[0,1,3,5,6,7,8,11]),[5,5,4,5,6,3]))"
"((62,68,72),([0,3,6,8,10],[0,3,4,8,10],[0,2,3,5,8]),([0,3,2,2,2,1],[1,2,1,3,2,1],[1,2,3,1,2,1]),(8,[1,7,9,11]),((224,[0,2,3,4,5,6,8,10]),[4,7,4,6,4,3]))"
"((62,66,68),([0,3,6,8,10],[0,3,5,8,11],[0,3,4,8,10]),([0,3,2,2,2,1],[1,1,3,2,2,1],[1,2,1,3,2,1]),(8,[1,2,7,9]),((224,[0,3,4,5,6,8,10,11]),[5,5,4,5,6,3]))"
"((68,69,74),([0,3,4,8,10],[0,1,3,6,8],[0,2,3,8,10]),([1,2,1,3,2,1],[1,2,2,1,3,1],[1,3,1,2,2,1]),(8,[5,7,9,11]),((224,[0,1,2,3,4,6,8,10]),[4,7,4,6,4,3]))"
"((68,72,74),([0,3,4,8,10],[0,3,5,6,8],[0,2,3,8,10]),([1,2,1,3,2,1],[1,2,3,1,2,1],[1,3,1,2,2,1]),(8,[1,7,9,11]),((224,[0,2,3,4,5,6,8,10]),[4,7,4,6,4,3]))"
"((68,72,72),([0,3,4,8,10],[0,3,5,6,8],[0,2,3,5,8]),([1,2,1,3,2,1],[1,2,3,1,2,1],[1,2,3,1,2,1]),(8,[1,7,9,11]),((224,[0,2,3,4,5,6,8,10]),[4,7,4,6,4,3]))"
"((68,72,72),([0,3,4,8,10],[0,2,3,5,8],[0,3,5,6,8]),([1,2,1,3,2,1],[1,2,3,1,2,1],[1,2,3,1,2,1]),(8,[1,7,9,11]),((224,[0,2,3,4,5,6,8,10]),[4,7,4,6,4,3]))"
"((38,66,68),([0,3,5,8,10],[0,3,6,8,11],[0,3,4,8,10]),([0,3,2,1,4,0],[1,1,3,2,2,1],[1,2,1,3,2,1]),(8,[1,2,7,9]),((224,[0,3,4,5,6,8,10,11]),[5,5,4,5,6,3]))"
"((66,68,72),([0,3,5,8,11],[0,3,4,8,10],[0,3,5,6,8]),([1,1,3,2,2,1],[1,2,1,3,2,1],[1,2,3,1,2,1]),(8,[1,2,7,9]),((224,[0,3,4,5,6,8,10,11]),[5,5,4,5,6,3]))"
"((66,66,68),([0,3,5,8,11],[0,3,6,8,11],[0,3,4,8,10]),([1,1,3,2,2,1],[1,1,3,2,2,1],[1,2,1,3,2,1]),(8,[1,2,7,9]),((224,[0,3,4,5,6,8,10,11]),[5,5,4,5,6,3]))"
"((66,68,74),([0,3,5,8,9],[0,3,4,8,10],[0,2,3,8,10]),([1,1,3,2,2,1],[1,2,1,3,2,1],[1,3,1,2,2,1]),(8,[1,6,7,11]),((224,[0,2,3,4,5,8,9,10]),[5,5,4,5,6,3]))"
"((66,68,72),([0,3,5,8,9],[0,3,4,8,10],[0,2,3,5,8]),([1,1,3,2,2,1],[1,2,1,3,2,1],[1,2,3,1,2,1]),(8,[1,6,7,11]),((224,[0,2,3,4,5,8,9,10]),[5,5,4,5,6,3]))"
"((66,68,72),([0,3,6,8,11],[0,3,4,8,10],[0,3,5,6,8]),([1,1,3,2,2,1],[1,2,1,3,2,1],[1,2,3,1,2,1]),(8,[1,2,7,9]),((224,[0,3,4,5,6,8,10,11]),[5,5,4,5,6,3]))"
"((66,66,68),([0,3,6,8,11],[0,3,5,8,11],[0,3,4,8,10]),([1,1,3,2,2,1],[1,1,3,2,2,1],[1,2,1,3,2,1]),(8,[1,2,7,9]),((224,[0,3,4,5,6,8,10,11]),[5,5,4,5,6,3]))"
"((46,66,69),([0,3,5,7,8],[0,3,5,8,9],[0,1,3,6,8]),([1,2,2,2,3,0],[1,1,3,2,2,1],[1,2,2,1,3,1]),(8,[2,4,10,11]),((226,[0,1,3,5,6,7,8,9]),[5,5,5,5,5,3]))"
"((62,66,68),([0,3,6,8,10],[0,3,5,8,9],[0,3,4,8,10]),([0,3,2,2,2,1],[1,1,3,2,2,1],[1,2,1,3,2,1]),(8,[1,2,7,11]),((227,[0,3,4,5,6,8,9,10]),[5,5,5,5,5,3]))"
"((66,68,74),([0,3,5,8,11],[0,3,4,8,10],[0,2,3,8,10]),([1,1,3,2,2,1],[1,2,1,3,2,1],[1,3,1,2,2,1]),(8,[1,6,7,9]),((227,[0,2,3,4,5,8,10,11]),[5,5,5,5,5,3]))"
"((66,68,72),([0,3,5,8,11],[0,3,4,8,10],[0,2,3,5,8]),([1,1,3,2,2,1],[1,2,1,3,2,1],[1,2,3,1,2,1]),(8,[1,6,7,9]),((227,[0,2,3,4,5,8,10,11]),[5,5,5,5,5,3]))"
"((66,68,72),([0,3,5,8,9],[0,3,4,8,10],[0,3,5,6,8]),([1,1,3,2,2,1],[1,2,1,3,2,1],[1,2,3,1,2,1]),(8,[1,2,7,11]),((227,[0,3,4,5,6,8,9,10]),[5,5,5,5,5,3]))"
"((62,66,66),([0,3,6,8,10],[0,3,5,8,11],[0,3,5,8,9]),([0,3,2,2,2,1],[1,1,3,2,2,1],[1,1,3,2,2,1]),(8,[1,2,4,7]),((229,[0,3,5,6,8,9,10,11]),[5,5,6,4,5,3]))"
"((62,66,66),([0,3,6,8,10],[0,3,5,8,9],[0,3,5,8,11]),([0,3,2,2,2,1],[1,1,3,2,2,1],[1,1,3,2,2,1]),(8,[1,2,4,7]),((229,[0,3,5,6,8,9,10,11]),[5,5,6,4,5,3]))"
"((62,66,66),([0,3,6,8,10],[0,3,5,8,9],[0,3,6,8,11]),([0,3,2,2,2,1],[1,1,3,2,2,1],[1,1,3,2,2,1]),(8,[1,2,4,7]),((229,[0,3,5,6,8,9,10,11]),[5,5,6,4,5,3]))"
"((62,66,66),([0,3,6,8,10],[0,3,6,8,11],[0,3,5,8,9]),([0,3,2,2,2,1],[1,1,3,2,2,1],[1,1,3,2,2,1]),(8,[1,2,4,7]),((229,[0,3,5,6,8,9,10,11]),[5,5,6,4,5,3]))"
"((47,66,72),([0,1,3,5,8],[0,3,6,8,11],[0,2,3,5,8]),([1,2,2,2,3,0],[1,1,3,2,2,1],[1,2,3,1,2,1]),(8,[4,7,9,10]),((229,[0,1,2,3,5,6,8,11]),[5,5,6,4,5,3]))"
"((38,66,66),([0,3,5,8,10],[0,3,5,8,9],[0,3,6,8,11]),([0,3,2,1,4,0],[1,1,3,2,2,1],[1,1,3,2,2,1]),(8,[1,2,4,7]),((229,[0,3,5,6,8,9,10,11]),[5,5,6,4,5,3]))"
"((38,66,66),([0,3,5,8,10],[0,3,6,8,11],[0,3,5,8,9]),([0,3,2,1,4,0],[1,1,3,2,2,1],[1,1,3,2,2,1]),(8,[1,2,4,7]),((229,[0,3,5,6,8,9,10,11]),[5,5,6,4,5,3]))"
"((66,69,72),([0,3,5,8,11],[0,1,3,6,8],[0,2,3,5,8]),([1,1,3,2,2,1],[1,2,2,1,3,1],[1,2,3,1,2,1]),(8,[4,7,9,10]),((229,[0,1,2,3,5,6,8,11]),[5,5,6,4,5,3]))"
"((66,66,74),([0,3,5,8,11],[0,3,5,8,9],[0,2,3,8,10]),([1,1,3,2,2,1],[1,1,3,2,2,1],[1,3,1,2,2,1]),(8,[1,4,6,7]),((229,[0,2,3,5,8,9,10,11]),[5,5,6,4,5,3]))"
"((66,66,74),([0,3,5,8,9],[0,3,5,8,11],[0,2,3,8,10]),([1,1,3,2,2,1],[1,1,3,2,2,1],[1,3,1,2,2,1]),(8,[1,4,6,7]),((229,[0,2,3,5,8,9,10,11]),[5,5,6,4,5,3]))"
"((66,69,72),([0,3,6,8,11],[0,1,3,6,8],[0,2,3,5,8]),([1,1,3,2,2,1],[1,2,2,1,3,1],[1,2,3,1,2,1]),(8,[4,7,9,10]),((229,[0,1,2,3,5,6,8,11]),[5,5,6,4,5,3]))"
"((46,66,66),([0,3,5,7,8],[0,3,5,8,9],[0,3,6,8,11]),([1,2,2,2,3,0],[1,1,3,2,2,1],[1,1,3,2,2,1]),(8,[1,2,4,10]),((229,[0,3,5,6,7,8,9,11]),[5,5,6,5,4,3]))"
"((46,66,66),([0,3,5,7,8],[0,3,6,8,11],[0,3,5,8,9]),([1,2,2,2,3,0],[1,1,3,2,2,1],[1,1,3,2,2,1]),(8,[1,2,4,10]),((229,[0,3,5,6,7,8,9,11]),[5,5,6,5,4,3]))"
"((66,66,68),([0,3,5,8,11],[0,3,5,8,9],[0,3,4,8,10]),([1,1,3,2,2,1],[1,1,3,2,2,1],[1,2,1,3,2,1]),(8,[1,2,6,7]),((232,[0,3,4,5,8,9,10,11]),[6,4,4,5,6,3]))"
"((66,66,68),([0,3,5,8,9],[0,3,5,8,11],[0,3,4,8,10]),([1,1,3,2,2,1],[1,1,3,2,2,1],[1,2,1,3,2,1]),(8,[1,2,6,7]),((232,[0,3,4,5,8,9,10,11]),[6,4,4,5,6,3]))"
"((66,66,72),([0,3,5,8,9],[0,3,6,8,11],[0,2,3,5,8]),([1,1,3,2,2,1],[1,1,3,2,2,1],[1,2,3,1,2,1]),(8,[1,4,7,10]),((236,[0,2,3,5,6,8,9,11]),[4,4,8,4,4,4]))"
"((66,66,72),([0,3,6,8,11],[0,3,5,8,9],[0,2,3,5,8]),([1,1,3,2,2,1],[1,1,3,2,2,1],[1,2,3,1,2,1]),(8,[1,4,7,10]),((236,[0,2,3,5,6,8,9,11]),[4,4,8,4,4,4]))"
"((46,69,72),([0,3,5,7,8],[0,1,3,6,8],[0,2,3,5,8]),([1,2,2,2,3,0],[1,2,2,1,3,1],[1,2,3,1,2,1]),(8,[4,9,10,11]),((237,[0,1,2,3,5,6,7,8]),[6,5,4,4,6,3]))"
"((46,66,72),([0,3,7,8,10],[0,3,6,8,11],[0,2,3,5,8]),([1,2,2,2,3,0],[1,1,3,2,2,1],[1,2,3,1,2,1]),(9,[1,4,9]),((264,[0,2,3,5,6,7,8,10,11]),[6,6,7,7,7,3]))"
"((46,66,74),([0,3,5,7,8],[0,3,6,8,11],[0,2,3,8,10]),([1,2,2,2,3,0],[1,1,3,2,2,1],[1,3,1,2,2,1]),(9,[1,4,9]),((264,[0,2,3,5,6,7,8,10,11]),[6,6,7,7,7,3]))"
"((66,68,69),([0,3,5,8,9],[0,3,4,8,10],[0,1,3,6,8]),([1,1,3,2,2,1],[1,2,1,3,2,1],[1,2,2,1,3,1]),(9,[2,7,11]),((265,[0,1,3,4,5,6,8,9,10]),[6,6,7,7,7,3]))"
"((66,69,74),([0,3,5,8,9],[0,1,3,6,8],[0,2,3,8,10]),([1,1,3,2,2,1],[1,2,2,1,3,1],[1,3,1,2,2,1]),(9,[4,7,11]),((265,[0,1,2,3,5,6,8,9,10]),[6,6,7,7,7,3]))"
"((46,47,66),([0,3,7,8,10],[0,1,3,5,8],[0,3,6,8,11]),([1,2,2,2,3,0],[1,2,2,2,3,0],[1,1,3,2,2,1]),(9,[2,4,9]),((267,[0,1,3,5,6,7,8,10,11]),[6,7,6,6,8,3]))"
"((46,69,72),([0,3,7,8,10],[0,1,3,6,8],[0,2,3,5,8]),([1,2,2,2,3,0],[1,2,2,1,3,1],[1,2,3,1,2,1]),(9,[4,9,11]),((267,[0,1,2,3,5,6,7,8,10]),[6,7,6,6,8,3]))"
"((46,66,69),([0,3,7,8,10],[0,3,5,8,11],[0,1,3,6,8]),([1,2,2,2,3,0],[1,1,3,2,2,1],[1,2,2,1,3,1]),(9,[2,4,9]),((267,[0,1,3,5,6,7,8,10,11]),[6,7,6,6,8,3]))"
"((46,53,66),([0,3,5,7,8],[0,1,3,8,10],[0,3,6,8,11]),([1,2,2,2,3,0],[1,3,2,1,3,0],[1,1,3,2,2,1]),(9,[2,4,9]),((267,[0,1,3,5,6,7,8,10,11]),[6,7,6,6,8,3]))"
"((46,69,74),([0,3,5,7,8],[0,1,3,6,8],[0,2,3,8,10]),([1,2,2,2,3,0],[1,2,2,1,3,1],[1,3,1,2,2,1]),(9,[4,9,11]),((267,[0,1,2,3,5,6,7,8,10]),[6,7,6,6,8,3]))"
"((47,66,68),([0,1,3,5,8],[0,3,6,8,11],[0,3,4,8,10]),([1,2,2,2,3,0],[1,1,3,2,2,1],[1,2,1,3,2,1]),(9,[2,7,9]),((268,[0,1,3,4,5,6,8,10,11]),[6,7,6,6,8,3]))"
"((66,68,69),([0,3,5,8,11],[0,3,4,8,10],[0,1,3,6,8]),([1,1,3,2,2,1],[1,2,1,3,2,1],[1,2,2,1,3,1]),(9,[2,7,9]),((268,[0,1,3,4,5,6,8,10,11]),[6,7,6,6,8,3]))"
"((46,66,69),([0,3,7,8,10],[0,3,5,8,9],[0,1,3,6,8]),([1,2,2,2,3,0],[1,1,3,2,2,1],[1,2,2,1,3,1]),(9,[2,4,11]),((270,[0,1,3,5,6,7,8,9,10]),[6,7,7,6,7,3]))"
"((46,68,69),([0,3,5,7,8],[0,3,4,8,10],[0,1,3,6,8]),([1,2,2,2,3,0],[1,2,1,3,2,1],[1,2,2,1,3,1]),(9,[2,9,11]),((270,[0,1,3,4,5,6,7,8,10]),[6,7,7,6,7,3]))"
"((53,66,66),([0,1,3,8,10],[0,3,5,8,9],[0,3,6,8,11]),([1,3,2,1,3,0],[1,1,3,2,2,1],[1,1,3,2,2,1]),(9,[2,4,7]),((271,[0,1,3,5,6,8,9,10,11]),[6,7,7,6,7,3]))"
"((53,66,66),([0,1,3,8,10],[0,3,6,8,11],[0,3,5,8,9]),([1,3,2,1,3,0],[1,1,3,2,2,1],[1,1,3,2,2,1]),(9,[2,4,7]),((271,[0,1,3,5,6,8,9,10,11]),[6,7,7,6,7,3]))"
"((53,66,72),([0,1,3,8,10],[0,3,6,8,11],[0,2,3,5,8]),([1,3,2,1,3,0],[1,1,3,2,2,1],[1,2,3,1,2,1]),(9,[4,7,9]),((271,[0,1,2,3,5,6,8,10,11]),[6,7,7,6,7,3]))"
"((47,66,74),([0,1,3,5,8],[0,3,6,8,11],[0,2,3,8,10]),([1,2,2,2,3,0],[1,1,3,2,2,1],[1,3,1,2,2,1]),(9,[4,7,9]),((271,[0,1,2,3,5,6,8,10,11]),[6,7,7,6,7,3]))"
"((66,69,74),([0,3,5,8,11],[0,1,3,6,8],[0,2,3,8,10]),([1,1,3,2,2,1],[1,2,2,1,3,1],[1,3,1,2,2,1]),(9,[4,7,9]),((271,[0,1,2,3,5,6,8,10,11]),[6,7,7,6,7,3]))"
"((68,69,72),([0,3,4,8,10],[0,1,3,6,8],[0,2,3,5,8]),([1,2,1,3,2,1],[1,2,2,1,3,1],[1,2,3,1,2,1]),(9,[7,9,11]),((276,[0,1,2,3,4,5,6,8,10]),[6,8,6,7,6,3]))"
"((46,66,68),([0,3,5,7,8],[0,3,6,8,11],[0,3,4,8,10]),([1,2,2,2,3,0],[1,1,3,2,2,1],[1,2,1,3,2,1]),(9,[1,2,9]),((276,[0,3,4,5,6,7,8,10,11]),[7,6,6,7,7,3]))"
"((46,66,66),([0,3,7,8,10],[0,3,5,8,9],[0,3,6,8,11]),([1,2,2,2,3,0],[1,1,3,2,2,1],[1,1,3,2,2,1]),(9,[1,2,4]),((285,[0,3,5,6,7,8,9,10,11]),[7,7,7,6,6,3]))"
"((46,66,66),([0,3,7,8,10],[0,3,6,8,11],[0,3,5,8,9]),([1,2,2,2,3,0],[1,1,3,2,2,1],[1,1,3,2,2,1]),(9,[1,2,4]),((285,[0,3,5,6,7,8,9,10,11]),[7,7,7,6,6,3]))"
"((66,66,74),([0,3,5,8,9],[0,3,6,8,11],[0,2,3,8,10]),([1,1,3,2,2,1],[1,1,3,2,2,1],[1,3,1,2,2,1]),(9,[1,4,7]),((290,[0,2,3,5,6,8,9,10,11]),[6,6,8,6,6,4]))"
"((66,66,74),([0,3,6,8,11],[0,3,5,8,9],[0,2,3,8,10]),([1,1,3,2,2,1],[1,1,3,2,2,1],[1,3,1,2,2,1]),(9,[1,4,7]),((290,[0,2,3,5,6,8,9,10,11]),[6,6,8,6,6,4]))"
"((66,68,72),([0,3,6,8,11],[0,3,4,8,10],[0,2,3,5,8]),([1,1,3,2,2,1],[1,2,1,3,2,1],[1,2,3,1,2,1]),(9,[1,7,9]),((292,[0,2,3,4,5,6,8,10,11]),[6,7,6,7,6,4]))"
"((66,66,68),([0,3,5,8,9],[0,3,6,8,11],[0,3,4,8,10]),([1,1,3,2,2,1],[1,1,3,2,2,1],[1,2,1,3,2,1]),(9,[1,2,7]),((299,[0,3,4,5,6,8,9,10,11]),[7,6,6,6,7,4]))"
"((66,66,68),([0,3,6,8,11],[0,3,5,8,9],[0,3,4,8,10]),([1,1,3,2,2,1],[1,1,3,2,2,1],[1,2,1,3,2,1]),(9,[1,2,7]),((299,[0,3,4,5,6,8,9,10,11]),[7,6,6,6,7,4]))"
