((37,[0,2,4,7,9]),[0,3,2,1,4,0])
((37,[0,2,5,7,9]),[0,3,2,1,4,0])
((37,[0,2,5,7,10]),[0,3,2,1,4,0])
((37,[0,3,5,7,10]),[0,3,2,1,4,0])
((46,[0,2,3,7,10]),[1,2,2,2,3,0])
((46,[0,2,4,7,11]),[1,2,2,2,3,0])
((46,[0,3,5,7,8]),[1,2,2,2,3,0])
((46,[0,3,7,8,10]),[1,2,2,2,3,0])
((46,[0,4,5,7,9]),[1,2,2,2,3,0])
((46,[0,4,7,9,11]),[1,2,2,2,3,0])
((49,[0,3,4,7,8]),[2,0,2,4,2,0])
((49,[0,3,4,7,11]),[2,0,2,4,2,0])
((49,[0,3,7,8,11]),[2,0,2,4,2,0])
((49,[0,4,7,8,11]),[2,0,2,4,2,0])
((52,[0,2,3,5,7]),[1,3,2,1,3,0])
((52,[0,2,4,5,7]),[1,3,2,1,3,0])
((52,[0,2,7,9,10]),[1,3,2,1,3,0])
((52,[0,2,7,9,11]),[1,3,2,1,3,0])
((52,[0,5,7,8,10]),[1,3,2,1,3,0])
((52,[0,5,7,9,10]),[1,3,2,1,3,0])
((55,[0,2,3,7,11]),[2,1,2,3,2,0])
((55,[0,4,5,7,8]),[2,1,2,3,2,0])
((61,[0,2,4,7,10]),[0,3,2,2,2,1])
((61,[0,3,5,7,9]),[0,3,2,2,2,1])
((65,[0,1,4,7,9]),[1,1,3,2,2,1])
((65,[0,3,4,7,9]),[1,1,3,2,2,1])
((65,[0,3,4,7,10]),[1,1,3,2,2,1])
((65,[0,3,6,7,10]),[1,1,3,2,2,1])
((67,[0,1,5,7,9]),[1,2,1,3,2,1])
((67,[0,2,4,7,8]),[1,2,1,3,2,1])
((67,[0,2,6,7,10]),[1,2,1,3,2,1])
((67,[0,3,5,7,11]),[1,2,1,3,2,1])
((68,[0,1,5,7,10]),[1,2,2,1,3,1])
((68,[0,2,3,7,9]),[1,2,2,1,3,1])
((68,[0,2,5,7,8]),[1,2,2,1,3,1])
((68,[0,2,5,7,11]),[1,2,2,1,3,1])
((68,[0,2,6,7,9]),[1,2,2,1,3,1])
((68,[0,4,5,7,10]),[1,2,2,1,3,1])
((71,[0,1,3,7,10]),[1,2,3,1,2,1])
((71,[0,1,4,7,8]),[2,0,2,3,2,1])
((71,[0,3,6,7,11]),[2,0,2,3,2,1])
((71,[0,3,7,9,10]),[1,2,3,1,2,1])
((71,[0,4,6,7,9]),[1,2,3,1,2,1])
((71,[0,4,7,9,10]),[1,2,3,1,2,1])
((73,[0,1,3,5,7]),[1,3,1,2,2,1])
((73,[0,2,4,6,7]),[1,3,1,2,2,1])
((73,[0,2,7,8,10]),[1,3,1,2,2,1])
((73,[0,5,7,9,11]),[1,3,1,2,2,1])
((74,[0,1,3,7,8]),[2,1,1,2,3,1])
((74,[0,1,5,7,8]),[2,1,1,2,3,1])
((74,[0,2,3,7,8]),[2,1,1,2,3,1])
((74,[0,2,6,7,11]),[2,1,1,2,3,1])
((74,[0,4,5,7,11]),[2,1,1,2,3,1])
((74,[0,4,6,7,11]),[2,1,1,2,3,1])
((77,[0,1,4,5,7]),[2,1,2,2,2,1])
((77,[0,2,3,6,7]),[2,1,2,2,2,1])
((77,[0,2,7,8,11]),[2,1,2,2,2,1])
((77,[0,5,7,8,11]),[2,1,2,2,2,1])
((80,[0,1,3,4,7]),[2,1,3,2,1,1])
((83,[0,1,7,8,10]),[2,2,2,1,2,1])
((83,[0,6,7,9,11]),[2,2,2,1,2,1])
((92,[0,1,3,7,9]),[1,2,2,2,1,2])
((99,[0,1,3,6,7]),[2,1,2,1,2,2])
((99,[0,1,6,7,9]),[2,1,2,1,2,2])
