((37,[0,2,5,7,9]),[0,3,2,1,4,0])
((46,[0,4,5,7,9]),[1,2,2,2,3,0])
((47,[0,2,4,5,9]),[1,2,2,2,3,0])
((47,[0,2,5,9,10]),[1,2,2,2,3,0])
((50,[0,1,4,5,9]),[2,0,2,4,2,0])
((50,[0,1,5,8,9]),[2,0,2,4,2,0])
((50,[0,4,5,8,9]),[2,0,2,4,2,0])
((52,[0,5,7,9,10]),[1,3,2,1,3,0])
((56,[0,1,5,9,10]),[2,1,2,3,2,0])
((61,[0,3,5,7,9]),[0,3,2,2,2,1])
((66,[0,2,5,6,9]),[1,1,3,2,2,1])
((66,[0,2,5,8,9]),[1,1,3,2,2,1])
((66,[0,3,5,8,9]),[1,1,3,2,2,1])
((67,[0,1,5,7,9]),[1,2,1,3,2,1])
((69,[0,3,5,9,10]),[1,2,2,1,3,1])
((72,[0,1,5,6,9]),[2,0,2,3,2,1])
((72,[0,2,3,5,9]),[1,2,3,1,2,1])
((72,[0,2,5,9,11]),[1,2,3,1,2,1])
((73,[0,5,7,9,11]),[1,3,1,2,2,1])
((75,[0,4,5,9,10]),[2,1,1,2,3,1])
((75,[0,4,5,9,11]),[2,1,1,2,3,1])
((78,[0,5,6,9,10]),[2,1,2,2,2,1])
((81,[0,5,6,8,9]),[2,1,3,2,1,1])
